          40    0.4123078   -3.3803406
   42.667576    1.4092332   -2.6054006
    45.51305    1.4680396   -1.6358151
   48.548286    2.0410547   -1.2850245
   51.785942    2.0374594  -0.81459856
   55.239517    2.2065821  -0.41477272
   58.923405    2.0983913  -0.12168362
   62.852974    2.0667953   0.16334811
   67.044601    1.9666584   0.35526344
   71.515762    1.8127185   0.53335857
   76.285103    1.6786923   0.64015198
   81.372513    1.5662637   0.74948472
   86.799194     1.451234   0.84560144
   92.587784    1.2991602   0.86399639
   98.762405    1.2181239   0.90318239
   105.34881    1.1265185   0.92793751
   112.37446    1.0405447   0.93248564
   119.86864   0.97645867   0.91941243
   127.86261   0.89922243   0.91127831
   136.38968   0.83691561   0.89917582
   145.48543    0.7818976   0.88251746
   155.18776   0.74234194   0.85411674
   165.53714    0.7052924   0.81540662
   176.57672   0.67234761   0.78204799
   188.35251   0.65132016   0.74406332
   200.91362   0.62548435   0.70529395
   214.31242   0.61067921   0.66905081
    228.6048   0.59559572   0.62124974
   243.85031   0.58233464   0.58031404
   260.11255   0.57530844   0.53457123
   277.45929   0.56165069   0.48966244
   295.96286   0.55064356   0.44116095
   315.70047   0.54292488   0.39565504
   336.75433   0.53544676   0.34941724
   359.21228   0.52196753   0.30401471
   383.16791   0.51217103   0.25319275
   408.72116   0.49937776   0.20336434
   435.97852   0.48459411   0.16180423
   465.05365   0.46867546    0.1147368
   496.06781   0.45326567  0.068613783
   529.15027    0.4305048   0.02679985
   564.43896   0.40668938 -0.010642309
   602.08105   0.38043767 -0.048820324
   642.23346   0.34885511 -0.091942891
   685.06366   0.32109961  -0.12342806
   730.75012   0.28835714  -0.15385671
    779.4834   0.24438937  -0.17932199
   831.46667   0.20493317  -0.20653109
   886.91669    0.1631421  -0.22263654
   946.06464   0.12046703  -0.23018195
   1009.1571  0.069595784  -0.23647971
   1076.4572  0.023702642   -0.2349046
   1148.2455 -0.023066781  -0.22361474
   1224.8212 -0.070212372  -0.20285022
   1306.5038  -0.10666334  -0.17070541
   1393.6338  -0.14129789  -0.12898836
   1486.5743  -0.16610737 -0.087010913
    1585.713  -0.17480767 -0.034326483
   1691.4633  -0.17121224  0.021521203
    1804.266  -0.14864582   0.07548254
   1924.5913  -0.11167503   0.12281091
   2052.9412  -0.05291906   0.15124801
   2189.8506  0.013801689   0.15334289
   2335.8904  0.079606742   0.13164072
   2491.6694    0.1324873  0.074381188
   2657.8374   0.15336886 -0.005104233
   2835.0869   0.12099098 -0.090976208
   3024.1572  0.039501686  -0.14858073
   3225.8364 -0.076040462  -0.13674742
   3440.9653  -0.14000143 -0.040283266
   3670.4414  -0.11633156  0.078524545
   3915.2207 0.0028413807   0.13026857
   4176.3247   0.10143603  0.051490813
   4454.8408  0.074464113 -0.059643358
   4751.9316  -0.02251309 -0.069534302
    5068.835 -0.064189248 -0.0055356566
   5406.8726 -0.0044514462  0.041633792
   5767.4536  0.037044298 -0.0018546671
   6152.0815 0.0046410095 -0.0072836881
   6562.3604 -0.0012017948  0.008710946
        7000 0.00064906245 0.0018040357