   26.888639 3.0731016e-07 1.5541227e-08            0            0 0.00023993073 4.0484134e-05 -0.00030380939 -0.00032340773 0.00034295832 0.00073897012
    31.17728 -5.6727077e-07 -1.4141663e-06            0            0 1.7040929e-05 -0.00054150145 -0.00063516584 -0.00033787376 0.00014099901 -0.00021328051
   36.149944 -1.0536249e-07 3.4547675e-08            0            0 -0.00062511343 -0.00072326278 -0.001056261 -0.00014020326 -9.2203736e-06 -3.1112671e-05
    41.91573 7.5112769e-09 9.2971248e-09            0            0 -0.0013691684 -0.00030567392 -0.0014394422 0.00043148504 -2.1386433e-05 -5.2717307e-05
   48.601139 -2.0453081e-08 1.1862453e-08            0            0 -0.0018788263 0.00078263512 -0.0014364851 0.0013117532 5.1664862e-05 -1.4239938e-05
   56.352848 -1.1289978e-08 2.8297407e-08            0            0 -0.0014564067 0.0020321782 -0.0008451285 0.0020712344 -6.6933615e-05 -3.0971994e-05
   65.340927  9.41733e-09 3.778948e-08            0            0 -0.00053962471  0.002711968 -2.1486248e-05 0.0023656464 -7.1971343e-05 -0.00016335514
   75.762566 2.8113917e-08 2.8233345e-08            0            0 0.00042123225 0.0028221312 0.00071669853 0.0022603949 3.0941235e-05 -9.3630282e-05
   87.846428 3.947083e-08 9.4829327e-09            0            0 0.0011951406 0.0026056999 0.0012380623 0.0019746693 -3.752773e-05 -1.485696e-05
   101.85761 4.087579e-08 -1.1014699e-08            0            0 0.0017425905 0.0022299553 0.0015681856 0.0016349915 -3.7236412e-05 -5.4404656e-05
   118.10354 3.2198628e-08 -2.9357981e-08            0            0 0.0020990293 0.0018441454 0.0017752238 0.0013111515 -4.6477664e-05 -5.8126345e-05
   136.94063 1.3465915e-08 -4.6573842e-08            0            0 0.0023235371  0.001467951 0.0018849706 0.0010053181 -6.7960631e-05 -3.2882308e-05
   158.78217 -1.6272784e-08 -4.5643986e-08            0            0 0.0024676467 0.0010944152  0.001955962 0.00075072673 -0.00013060163 -1.0685712e-05
   184.10735 -3.2155462e-08 -2.3181135e-08            0            0 0.0025309843 0.00076704298 0.0019586824 0.00050805288 -0.00019637757 2.1943661e-05
   213.47182 -2.862606e-08 -3.9262957e-09            0            0 0.0025261771 0.00045206794 0.0019371149 0.00030119877 -0.00022211175 9.8582168e-05
   247.51981 -2.1150091e-08 2.694224e-09            0            0  0.002479966 0.00017005525 0.0018947566 0.00011733422 -0.00023826608 0.00015086684
   286.99832 -1.7297973e-08 5.0006546e-09            0            0 0.0024092142 -0.00012827547 0.0018358462 -5.5446941e-05 -0.00024201987 0.00026092218
   332.77353 -7.3030244e-09 8.1240827e-09            0            0 0.0017575717 -0.00044657243 0.0014143789 -0.00036428415 -0.00022163012 0.00035968167
    385.8497 -7.4323006e-09 6.047971e-09            0            0  0.002077922 -0.00017790245 0.0016127061 -0.00012484574 -0.0001656361 0.00047402765
   447.39136 -6.4374039e-09 7.0883792e-09            0            0 0.0019777173 -0.00034746327  0.001547506 -0.00022195495 -7.3444186e-05 0.00055439729
   518.74866 -4.3185389e-09 6.0058447e-09            0            0  0.001839361 -0.0004363124  0.001477712 -0.00028019407 6.1638304e-05 0.00059510802
   601.48724 -4.0071209e-09 4.1035593e-09            0            0 0.0016447545 -0.00047524075 0.0013829935 -0.00030337172 0.00020820143 0.00053927884
    697.4223 -1.9257373e-09 4.6625068e-09            0            0  0.001578849 -0.00039639842  0.001329241 -0.00031786683 5.5376666e-05 0.00063176308
   808.65863 -5.2718123e-09 4.2280042e-09            0            0 0.0015384839 -0.00040089473 0.0012538576 -0.00034977225 0.00019944405 0.00062773371
   937.63678 -3.0467815e-09 4.8747211e-09            0            0 0.0014237617 -0.00038203146 0.0011574908 -0.00033189074 0.00024325091 0.00061940018
   1087.1865 -1.9939785e-09 4.5730126e-09            0            0 0.0013615515 -0.00032019819 0.0010931562 -0.00029425169 0.00025328045 0.00062018121
   1260.5889 -1.3315744e-09 4.2035908e-09            0            0 0.0013389266 -0.00025093218  0.001053348 -0.0002415195 0.00021373131 0.00062161539
   1461.6482 -8.2378987e-10 3.8688515e-09            0            0  0.001355723 -0.00019211478 0.0010512108 -0.00017659689 0.00022960221 0.00071300415
   1694.7759 -3.2995948e-10 3.2834409e-09            0            0 0.0013956237 -0.00014965025 0.0010789995 -0.00012175741 0.00017561672 0.00078474282
   1965.0865 -9.4245001e-10 2.9631684e-09            0            0 0.0014675187 -0.00017834002 0.0011551661 -0.00013152898 0.0001888894 0.00094284629
   2278.5107 -1.171915e-09 4.2835868e-09            0            0 0.0014915115 -0.00029025762 0.0011777901 -0.00022568529 1.8098412e-05 0.0011234432
    2641.925 9.8098363e-10 5.3783382e-09            0            0 0.0014193192 -0.00036807574 0.0011202286 -0.00028034736 -5.1235725e-07 0.0015288678
   3063.3027 2.9668574e-09 4.2858526e-09            0            0 0.0013450014 -0.00036454209  0.001085701 -0.00027231194 0.00036430452 0.0018282686
   3551.8884 3.9823527e-09   2.6278e-09            0            0  0.001337338 -0.00036227834 0.0010950326 -0.00029156409 0.00044356516 0.0018098686
   4118.4019 5.256831e-09 1.1267413e-09            0            0 0.0013404551 -0.00041178148 0.0010835773 -0.00035030214  0.000368685 0.0020970004
   4775.2725 5.083578e-09 -2.288056e-09            0            0 0.0012949272 -0.00050340407 0.0010298415 -0.00039838368 0.00051092135 0.0024940684
   5536.9111 1.0278074e-09 -5.236882e-09            0            0 0.0011130737 -0.00052778563 0.00096938066 -0.00040345907 0.00072596374 0.0028807975
   6420.0283 -3.36696e-09 -3.7369516e-09            0            0 0.0010868199 -0.0004787076  0.000952337 -0.00044106395 0.0009372551 0.0033348352
        7444 -9.2375507e-10 2.8709575e-09            0            0 0.0010389328 -0.00049753301 0.00091196399 -0.0004946515  0.001284119 0.0038575642