          20 -5.6293512e-08 -7.3496587e-08            0            0 -0.0021486368 0.0030562701 0.0001158612 0.00028912508 -0.00038563748 0.00031571093
   23.189928 -1.6558834e-08 7.6749856e-08            0            0 0.00085617811 0.00066647719 -3.7311769e-05 -0.00017209619 0.00018267024 -0.00019435599
   26.888639 -6.3313081e-08 -2.7841522e-09            0            0 0.00081355113 -0.00067820976 -0.00024199867 -0.00031520965 -0.00028273324 -0.0006347124
    31.17728 -2.2722658e-07 -1.4432979e-07            0            0 9.9302146e-05 -0.0012222151 -0.00053168926 -0.00029625467 6.2919389e-05 0.00011408532
   36.149944 -3.4319381e-08 1.7852603e-08            0            0 -0.00087510049 -0.001580669 -0.0009290342 -0.00015429995 5.3419539e-05 1.479831e-05
    41.91573 -5.8045289e-09 6.0080061e-09            0            0 -0.0020015379 -0.0010691907 -0.0012552451 0.00032334795 -4.8508809e-05 -2.13573e-05
   48.601139 -1.3427425e-08 6.9670576e-09            0            0 -0.0029391197 -1.0752718e-05 -0.0013304668 0.0010509115 0.00015794682 8.4852087e-05
   56.352848 -8.637679e-09 2.177079e-08            0            0 -0.0028914767 0.0017342814 -0.00091863074  0.001786324 -1.9448789e-06 -7.6205295e-05
   65.340927 1.1515492e-08 2.5737974e-08            0            0 -0.0019255079  0.003029133 -0.00020880048 0.0021743411 6.9376787e-05 -1.2883469e-05
   75.762566 2.652075e-08 1.4092501e-08            0            0 -0.00068661862 0.0035513248 0.00047369837 0.0021770389 -4.6250293e-06 -1.4439534e-05
   87.846428 3.4608945e-08 -8.1445028e-10            0            0 0.0005157385 0.0035473525 0.0010396278  0.001977297 -3.348439e-05 -4.8416459e-05
   101.85761 3.1374348e-08 -2.1256344e-08            0            0 0.0014334267 0.0032201326  0.001434907 0.0016938318 -4.1542309e-05 -4.0237363e-05
   118.10354 2.4731028e-08 -3.4344652e-08            0            0 0.0020526526 0.0027361263 0.0016827161  0.001383809 -4.199288e-05 -5.7973539e-05
   136.94063 1.7945759e-09 -4.9698052e-08            0            0 0.0024869812 0.0022570614 0.0018285267 0.0010924597 -9.0645284e-05 -5.2491487e-05
   158.78217 -2.9767966e-08 -4.3216136e-08            0            0 0.0027518698 0.0016955963 0.0018852992 0.00078341324 -0.00015539264 1.4488817e-06
   184.10735 -4.3879236e-08 -1.5187672e-08            0            0 0.0028810434 0.0012727871 0.0019109506 0.00056565832 -0.00016161836 2.817954e-05
   213.47182 -3.4049521e-08 1.5839039e-08            0            0 0.0029814381 0.00080376834 0.0019186602 0.00033746069 -0.00020110552 6.661861e-05
   247.51981 -1.2197364e-08 2.2305652e-08            0            0 0.0029502297 0.0003740832 0.0018885883 0.00014525764 -0.00023778644 0.0001486613
   286.99832 -5.2372284e-11 1.4648627e-08            0            0 0.0028351631 -7.4562398e-05 0.0018152226 -4.8640919e-05 -0.00025184773 0.00025268531
   332.77353  1.26837e-09 6.3897825e-09            0            0 0.0019331963 -0.0005475941 0.0013852427 -0.00036294898 -0.00022564268 0.00036648821
    385.8497 4.0601447e-09 6.6639601e-09            0            0 0.0023668734 -0.00016868176 0.0015869308 -0.00011907786 -0.00016868062 0.00046611912
   447.39136 3.2880871e-09 3.1949559e-09            0            0 0.0022258675 -0.00041160276  0.001522665 -0.00022572331 -6.776784e-05 0.00055115204
   518.74866 1.4617774e-09 1.3459522e-09            0            0 0.0020261859 -0.00055043586 0.0014381717 -0.00028753851 5.9981379e-05 0.0005866646
   601.48724 -1.3641811e-09 4.8186333e-10            0            0 0.0017635901 -0.000581634 0.0013444627 -0.00030883905 0.00021205837 0.00053741311
    697.4223 1.6367919e-09 1.587913e-09            0            0 0.0016795617 -0.00049096957 0.0012881614 -0.00032357956 5.3725907e-05 0.00062455382
   808.65863 -2.8549767e-09 5.6855609e-10            0            0 0.0016313532 -0.00050565961 0.0012202271 -0.00036017731 0.00019859835 0.00062207435
   937.63678 -1.2694639e-09 1.2855681e-09            0            0 0.0015094696 -0.0004813862 0.0011452556 -0.00034414136 0.00024156293 0.00061479775
   1087.1865 -5.1292531e-10 1.6639415e-09            0            0 0.0014239696 -0.00040196956 0.0010766441 -0.0003002687 0.00025160925 0.00061892165
   1260.5889 -2.5562263e-10 2.2407487e-09            0            0 0.0014052122 -0.000319788 0.0010561281 -0.00024784353 0.00021147798 0.00061826251
   1461.6482 -1.6897069e-12 2.7822535e-09            0            0   0.00136861 -0.00022698815 0.0010205145 -0.0001792969 0.0002277172 0.00070644042
   1694.7759 8.7032254e-10 2.1380391e-09            0            0 0.0014138063 -0.00016504875 0.0010509648 -0.00012652388 0.00017381653 0.00077842595
   1965.0865 8.1556523e-10 4.7820564e-10            0            0 0.0014919904 -0.00017871807 0.0011202384 -0.00014128146 0.00018622565 0.00093189318
   2278.5107 -8.9271557e-10 8.8175756e-10            0            0 0.0015521356 -0.00031471797  0.001161466 -0.00024052973 1.721499e-05 0.0011160711
    2641.925 3.9720938e-10 3.5155245e-09            0            0 0.0014430215 -0.00039098825 0.0010821208 -0.00028587139 -1.8867582e-06 0.0015221409
   3063.3027 2.0945683e-09 2.6726126e-09            0            0 0.0013690031 -0.00037575469   0.00105178 -0.00027604582 0.00035994427 0.0018173823
   3551.8884 2.4824172e-09 1.2805446e-09            0            0 0.0013620653 -0.00035428072 0.0010535069 -0.00029247682 0.00044194091 0.0018008592
   4118.4019 2.3750766e-09 4.3174533e-10            0            0 0.0013837748 -0.0004079346 0.0010459052 -0.00034868068 0.00036699596 0.0020969661
   4775.2725 3.9053033e-10 -6.9463862e-10            0            0 0.0013519865 -0.00053148938 0.0010256545 -0.00039850429 0.00050322572 0.0024993951
   5536.9111 -1.1577577e-09 -6.8826606e-10            0            0 0.0011609875 -0.00054343481 0.00094386208 -0.000394273 0.00071799045 0.0028710831
   6420.0283 -1.0138721e-10 3.136818e-10            0            0 0.0011311887 -0.00049821701 0.00093119207 -0.00043211473 0.00093704188 0.0033346943
        7444 9.5475357e-11 -2.253968e-10            0            0 0.0010962985 -0.00052920514 0.00090505445 -0.00049417996 0.0012441241  0.003857567