          20 2.5595131e-07 -3.6624623e-08            0            0 -0.00013809501 0.00051118416 -0.0001008761 -8.1250502e-05 -0.0012543835 0.00069520337
   23.189928 -6.0385332e-08 -9.680258e-08            0            0 0.00012354385 0.00086956011 -9.2162918e-05 -0.00019906835 -0.00013237815 2.7376454e-05
   26.888639 -3.1085742e-07 -3.1263875e-07            0            0 0.00030430869 0.0004600682 -0.00029572559 -0.00034283844 0.00014924089 0.00048643321
    31.17728 2.2370756e-07 9.5030532e-07            0            0 0.00039831034    0.0002389 -0.00056563114 -0.00033175544 -8.6230073e-05 0.00012696185
   36.149944 5.8833216e-08 -2.3379174e-08            0            0 -0.00026070009 -0.00010240966 -0.00096885988 -0.00011753383 2.053453e-05 4.096948e-05
    41.91573 -6.147137e-09 -1.5604057e-08            0            0 -0.00071102288 9.9052544e-05 -0.0012934045 0.00035834484 4.250759e-06 -7.7271536e-05
   48.601139 -1.3480439e-09 -1.5760444e-08            0            0 -0.0010603953 0.00067266339 -0.0013322514 0.0010744249 9.1260947e-05 -3.5269215e-05
   56.352848 -1.337171e-08 -5.8088503e-09            0            0 -0.00095229334 0.0014717304 -0.00097203592 0.0017777593 5.3156338e-05 -5.4334054e-05
   65.340927 -1.2789784e-08 9.4628501e-09            0            0 -0.00036200401  0.002075593 -0.00028471829 0.0022225939 4.1683033e-06 -5.4180666e-05
   75.762566 -1.192115e-09 1.9788096e-08            0            0 0.00036602485 0.0023298129 0.00043295042 0.0023021761 4.3743821e-06 -6.4878535e-05
   87.846428 1.6946567e-08 1.9337502e-08            0            0 0.0010376155 0.0022676613 0.0010402659 0.0021022654 1.1363318e-05 6.5117069e-06
   101.85761 2.9311627e-08 7.0536266e-09            0            0 0.0015408661 0.0020318602 0.0014534582  0.001806178 -4.6148652e-05 -8.6212422e-05
   118.10354 3.5390773e-08 -1.1786952e-08            0            0 0.0019150983 0.0017189343 0.0017219177 0.0014869375 -9.6278658e-05 -3.9854316e-05
   136.94063 2.4873334e-08 -3.31545e-08            0            0 0.0021564844 0.0013643757 0.0018869914 0.0011639994 -8.7338798e-05 -4.1084179e-05
   158.78217 -2.4212372e-11 -4.0246498e-08            0            0 0.0023043207 0.0010529445 0.0019904531 0.00088888669 -0.00011116776 -3.5054469e-05
   184.10735 -1.6560499e-08 -2.8748264e-08            0            0 0.0023718209 0.00073017436 0.0020280969 0.00062464771 -0.00018841572 4.4559616e-05
   213.47182 -2.1040044e-08 -1.713077e-08            0            0  0.002400334 0.00045323611 0.0020307701 0.00039059005 -0.00019979439 8.0299542e-05
   247.51981 -2.2155838e-08 -9.5477857e-09            0            0 0.0023547253 0.00017918364 0.0019969589 0.00017894122 -0.00022901388 0.00017018853
   286.99832 -2.3594151e-08 -3.090437e-09            0            0  0.002291851 -9.2678827e-05   0.00193437 -2.4355428e-05 -0.00024346929 0.00025210754
   332.77353 -1.1681307e-08 7.1439237e-09            0            0 0.0016962877 -0.00039385818 0.0014728751 -0.00038854097 -0.00020936401 0.00035707717
    385.8497 -1.2088551e-08 5.6507439e-09            0            0  0.001960248 -0.00013732842 0.0016967325 -0.00011040577 -0.00015599665 0.00046245568
   447.39136 -9.9076791e-09 6.9035728e-09            0            0 0.0018772559 -0.00029424604 0.0016286665 -0.00022470175 -6.7616063e-05 0.00054635754
   518.74866 -6.8969888e-09 6.9504118e-09            0            0 0.0017440423 -0.00037652376 0.0015356073 -0.00029436618 5.4655935e-05 0.00058991381
   601.48724 -5.6573382e-09 5.7761893e-09            0            0 0.0015613976 -0.00039810938 0.0014328226 -0.00032454755 0.0002097367 0.00054027321
    697.4223 -3.9005124e-09 5.6747602e-09            0            0 0.0015013486 -0.00032176534 0.0013731521 -0.00034132859 5.4390071e-05 0.00062690326
   808.65863 -6.5958958e-09 5.3327969e-09            0            0  0.001493223 -0.00030670778 0.0012980409 -0.00037417782 0.00019456315 0.00062403362
   937.63678 -4.0669432e-09 6.0423231e-09            0            0 0.0014094654 -0.00028739063 0.0012023443 -0.0003568102 0.00023955001 0.00061518484
   1087.1865 -2.7387377e-09 5.7059331e-09            0            0 0.0013555156 -0.00023472219 0.0011265721 -0.00031433837 0.00025232183 0.00062127115
   1260.5889 -2.0196209e-09 5.3407918e-09            0            0 0.0013544926 -0.00017725538 0.0010863807 -0.00025343752 0.00021295169 0.00062157417
   1461.6482 -1.434316e-09 4.7521613e-09            0            0 0.0013556478 -0.00012158277 0.0010645586 -0.00017667768 0.00022881909 0.00071112759
   1694.7759 -1.3230265e-09 4.2976347e-09            0            0 0.0014148165 -8.8485416e-05 0.0011108351 -0.00011403032 0.00017430587 0.00078148383
   1965.0865 -1.9659205e-09 4.3971644e-09            0            0 0.0014976996 -0.00011884773 0.0012015789 -0.00012005908 0.00018615538 0.00093717163
   2278.5107 -1.4526691e-09 6.0800276e-09            0            0 0.0015261602 -0.00023046244 0.0012285424 -0.00022475791 1.7793149e-05 0.0011145532
    2641.925 1.3228385e-09 6.8098078e-09            0            0 0.0014689242 -0.0003198816 0.0011643273 -0.00028663364 8.7344354e-08  0.001521491
   3063.3027 3.6207592e-09 5.5958429e-09            0            0 0.0014047554 -0.00033404105 0.0011316584 -0.00027775861 0.00036715902 0.0018319972
   3551.8884 5.1981681e-09 3.9743142e-09            0            0 0.0013915598 -0.00034523691 0.0011426574 -0.00029804034 0.00044701886  0.001810392
   4118.4019 7.1030928e-09 1.736943e-09            0            0 0.0014019543 -0.000412794 0.0011395051 -0.00036467312 0.00037299344 0.0021040675
   4775.2725 7.5808373e-09 -2.8905809e-09            0            0 0.0013413563 -0.00051896222 0.0010664449 -0.0004154809 0.0005105391 0.0024859852
   5536.9111 2.3848257e-09 -7.4683832e-09            0            0 0.0011323034 -0.00055531238 0.0010061539 -0.00041888541 0.00072397233 0.0028691755
   6420.0283 -4.5454369e-09 -5.5993081e-09            0            0  0.001099348 -0.00047802387  0.001002296 -0.00046516283 0.00093686092 0.0033374969
        7444 -1.3091604e-09 4.0773362e-09            0            0 0.0010494104 -0.00049799151 0.00095760502 -0.00052289449 0.0012722546 0.0038436372