          20 1.0439189e-07 5.5147826e-08            0            0 -0.0023315172 -0.00021263477 -3.1296277e-06 0.00013880385 -0.0010970093 -0.00091488071
   23.189928 -9.599087e-08 1.3305721e-07            0            0 7.5271302e-05 -3.1709264e-05 -4.5502322e-05 -0.0002642858 0.00014018377 -0.00055943994
   26.888639 1.258554e-08 -6.4111973e-08            0            0 0.00047637825 -0.00065202249 -0.00027635446 -0.00033198082 -9.3846153e-05 0.00023914823
    31.17728 -8.5062176e-08 -3.5678471e-07            0            0 0.00012926177 -0.00082990137 -0.00059703435 -0.00034443397 9.3310904e-05 -0.00023601104
   36.149944 -4.4769681e-08 2.1473912e-08            0            0 -0.00083156052 -0.0010364512 -0.0010572684 -0.00013574172 2.0614529e-05 3.5953693e-05
    41.91573 6.7269235e-10 5.6720166e-09            0            0 -0.0018055425 -0.00059402484 -0.0014164854 0.00041946638 -2.7834136e-05 -6.5178887e-05
   48.601139 -1.41162e-08 6.8583184e-09            0            0 -0.0023866768 0.00053738145 -0.0013992836 0.0012361432 -5.6866102e-05 4.5056942e-05
   56.352848 -8.3599074e-09 2.2573788e-08            0            0 -0.0021567449 0.0020420628 -0.00087790168  0.001980986 -4.1351595e-05 -1.5685298e-05
   65.340927 8.6547489e-09 2.6946772e-08            0            0 -0.001141298 0.0029345849 -8.2126076e-05  0.002309514 -7.7472971e-05 -1.8019455e-05
   75.762566 2.410613e-08 2.0025983e-08            0            0 2.6073874e-05 0.0032605722 0.0006588737  0.002257559 -5.991069e-05 -2.7384536e-05
   87.846428 3.4489016e-08 3.8774233e-09            0            0 0.00097674585 0.0030563385 0.0011912358  0.001981182 -1.3352333e-05 2.119796e-05
   101.85761 3.4794507e-08 -1.3204193e-08            0            0 0.0016495025  0.002668611 0.0015376534 0.0016483545 7.3553861e-06 -1.049592e-05
   118.10354 2.7203802e-08 -2.9963946e-08            0            0 0.0021054277 0.0022178083 0.0017449589 0.0013144878 -4.8307498e-05 -7.9833342e-05
   136.94063 8.1166069e-09 -4.5907054e-08            0            0 0.0024277167 0.0017666128 0.0018710336 0.0010185509 -0.00012447053 -1.9616673e-05
   158.78217 -2.3634357e-08 -4.0924856e-08            0            0 0.0025972596 0.0013361953 0.0019420716 0.00075789494 -0.00013192104 -2.9331317e-05
   184.10735 -3.7087744e-08 -1.5954726e-08            0            0 0.0026895432 0.0009392327 0.0019490718 0.0005123468 -0.00018814071 3.3829779e-06
   213.47182 -2.9286181e-08 4.8762456e-09            0            0 0.0026960063 0.00057128904 0.0019248773 0.00030491719 -0.00020726318 7.8097182e-05
   247.51981 -1.6355997e-08 9.9062047e-09            0            0 0.0026664645 0.00023763973 0.0018845957 0.0001189762 -0.00023667987 0.00015149867
   286.99832 -1.0119941e-08 8.3626626e-09            0            0 0.0025722692 -0.00010777762 0.0018304019 -5.6290693e-05 -0.00025558769 0.00024864791
   332.77353 -4.5881712e-09 7.3745485e-09            0            0 0.0018131859 -0.00048020951 0.0013983861 -0.00036113124 -0.00022450408 0.00035832191
    385.8497 -3.4086742e-09 7.126522e-09            0            0 0.0021733458 -0.00018214155 0.0015986431 -0.00012725279 -0.00017013961 0.00045910219
   447.39136 -1.62131e-09 4.8258539e-09            0            0 0.0020619798 -0.00036622043 0.0015427929 -0.00022551003 -6.6033805e-05 0.00055228593
   518.74866 -1.4227681e-09 3.3603373e-09            0            0 0.0018996161 -0.00047594708 0.0014608846 -0.00028283588 5.7176232e-05 0.0005877855
   601.48724 -2.8203293e-09 2.1888586e-09            0            0 0.0016965618 -0.00050409063 0.0013822038 -0.00030754553 0.00021428584 0.00054331787
    697.4223 -6.4097633e-10 3.3707555e-09            0            0 0.0016027695 -0.00041564144 0.0013131578 -0.00031903139 5.4440974e-05 0.00063397345
   808.65863 -4.3451704e-09 2.5260645e-09            0            0 0.0015912828 -0.00042432896  0.001258999 -0.0003550773 0.00019660575 0.00062459282
   937.63678 -2.4970297e-09 3.3962122e-09            0            0 0.0014928086 -0.00040563336  0.001185231 -0.00034215554 0.00024312572 0.0006204751
   1087.1865 -1.7131496e-09 3.6136378e-09            0            0  0.001389273 -0.00032890434 0.0010929928 -0.00029705183 0.00025342879 0.00062152377
   1260.5889 -1.1068011e-09 3.4747392e-09            0            0 0.0013741428 -0.00025966839 0.0010561034 -0.00024308744 0.00021252959 0.00062056293
   1461.6482 -5.5579397e-10 3.4794376e-09            0            0  0.001433356 -0.00020195352 0.0010892763 -0.00017977039 0.00023252703 0.00072017248
   1694.7759 3.4967787e-10 2.7444582e-09            0            0 0.0014728338 -0.00015526323 0.0011265316 -0.00012093361 0.00017699033 0.00079457089
   1965.0865 -8.7784391e-11 1.7095119e-09            0            0 0.0014937781 -0.0001749629 0.0011496587 -0.00013443454 0.00018696018 0.00093797827
   2278.5107 -1.0720212e-09 2.604116e-09            0            0 0.0015230519 -0.00029205368 0.0011777517 -0.00023007953 1.8309071e-05 0.0011212449
    2641.925 3.8592526e-10 3.7652206e-09            0            0 0.0014319578 -0.00036555514  0.001105836 -0.00027788052 -4.07736e-07  0.001524183
   3063.3027 2.4227615e-09 3.4166394e-09            0            0 0.0013596915 -0.00036225611  0.001075114 -0.00027237018 0.00036128316  0.001822261
   3551.8884 3.1028691e-09 1.9034183e-09            0            0 0.0013490757 -0.00035340598  0.001082177 -0.00029278218 0.0004402046 0.0018085468
   4118.4019 4.0656949e-09 8.4056201e-10            0            0 0.0013675039 -0.00041892804 0.0010846296 -0.000353009  0.000365885  0.002105504
   4775.2725 3.6692327e-09 -1.7646657e-09            0            0 0.0013161433 -0.00051919161 0.0010311415 -0.00039761714 0.00050962588  0.002498955
   5536.9111 3.3863443e-10 -3.7566665e-09            0            0 0.0011234396 -0.00053701142 0.00096165034 -0.00039894597 0.00072604278 0.0028850876
   6420.0283 -2.5091644e-09 -2.7888964e-09            0            0 0.0011023791 -0.00047704208 0.00096887519 -0.00044689767 0.00092268171 0.0033412233
        7444 -5.8292188e-10 2.0952939e-09            0            0 0.0010623662 -0.00049577915 0.0009172202 -0.00050006539 0.0012664964  0.003875158