   26.888639 -5.3550988e-08 1.5824986e-07            0            0 0.00056280219 -0.00031430603 -0.00027059589 -0.0003561184 -0.00062177418 -0.0013017912
    31.17728 -4.8082629e-08 3.0024671e-07            0            0 0.00017141708 -0.0009161146 -0.00059200829 -0.00035308569 0.00027655723 0.00014013003
   36.149944 9.9574793e-09 -5.1935705e-09            0            0 -0.00062682829 -0.00092837174 -0.0010141963 -0.00015605243 -6.0981154e-05 -4.4681849e-05
    41.91573 4.9187836e-09 -1.9271613e-09            0            0 -0.001620364 -0.00039230028 -0.0013659585 0.00039313678 5.0119779e-05 -0.00015364721
   48.601139 -3.2699099e-09 -7.8384987e-09            0            0 -0.0021003026 0.00053167058 -0.0014066611  0.001185446 7.4786905e-05 8.9182955e-05
   56.352848 -9.9806945e-09 2.9308937e-09            0            0 -0.0018747582 0.0018273726 -0.0009062555 0.0019501497 3.4662324e-05 -4.2545216e-05
   65.340927 -9.9374518e-09 1.3992133e-08            0            0 -0.00091301935 0.0027260534 -0.00012345701 0.0023002056 -4.6338278e-05 -5.536258e-05
   75.762566 2.5054943e-09 2.4079021e-08            0            0 0.00010806272 0.0029667267 0.00061548938 0.0022798677 4.7581467e-05 6.2558274e-06
   87.846428 1.8914335e-08 2.2518385e-08            0            0 0.00098626781 0.0028157292 0.0011594626 0.0020088381 3.5232148e-05 -1.1159693e-06
   101.85761 3.0940054e-08 1.0591725e-08            0            0 0.0016333369 0.0024923363  0.001525528 0.0016862913 -4.6537793e-05 -9.8469536e-05
   118.10354 4.0157687e-08 -7.7521127e-09            0            0   0.00205718 0.0020570203 0.0017464369 0.0013516006 -3.5239511e-05 -3.4987002e-05
   136.94063 3.1464403e-08 -3.2585177e-08            0            0 0.0023391983 0.0016336527 0.0018798794  0.001048554 -7.8984325e-05 4.0283462e-06
   158.78217 5.7856391e-09 -4.4221718e-08            0            0 0.0025005706 0.0012309834 0.0019480479 0.00077987637 -0.00014402905 7.1823797e-06
   184.10735 -1.1515242e-08 -3.9368089e-08            0            0 0.0025924733 0.00086972001 0.0019783541 0.00054329529 -0.00017319749 -6.7902869e-07
   213.47182 -2.0187109e-08 -2.7982482e-08            0            0 0.0026004277 0.00051957014 0.0019635041 0.00032405494 -0.00021182871 8.4856372e-05
   247.51981 -2.5275964e-08 -1.864308e-08            0            0 0.0025516995 0.00022136276 0.0019169014 0.00013666892 -0.00023354714 0.00014905902
   286.99832 -3.2781578e-08 -1.0288445e-08            0            0 0.0024676027 -9.8312958e-05 0.0018508651 -4.6378602e-05 -0.00023771926 0.0002594227
   332.77353 -1.7986153e-08 8.431936e-09            0            0 0.0017644361 -0.00045031967 0.0014162447 -0.00036836427 -0.00020849853 0.00035985888
    385.8497 -1.8996435e-08 4.109332e-09            0            0 0.0020955971 -0.00016517371 0.0016227881 -0.00012212346 -0.00016448266 0.00046922881
   447.39136 -1.6502987e-08 9.1082484e-09            0            0 0.0019984108 -0.0003427655 0.0015618043 -0.00022616491 -6.4132793e-05 0.00055162865
   518.74866 -1.2155581e-08 1.0852817e-08            0            0 0.0018311031 -0.0004345146 0.0014725995 -0.00028635593 5.4012551e-05 0.00058594724
   601.48724 -8.5478868e-09 9.1705239e-09            0            0 0.0016414665 -0.00046712515 0.0013873351 -0.00031164114 0.00020553653 0.00053778733
    697.4223 -6.8215975e-09 8.3312779e-09            0            0  0.001557823 -0.00037735037 0.0013238705 -0.00032474793 5.0709463e-05 0.0006282765
   808.65863 -8.9963006e-09 9.145241e-09            0            0 0.0015393317 -0.00037286495 0.0012589153 -0.00035744871 0.00019529815 0.00062724645
   937.63678 -5.2806284e-09 8.7563361e-09            0            0 0.0014353682 -0.00034508205 0.0011658092 -0.00034027381 0.00023951985 0.00061612308
   1087.1865 -3.3843019e-09 7.2012973e-09            0            0 0.0013857456 -0.00028840272 0.0011047092 -0.00030106638 0.00025253242 0.00062281691
   1260.5889 -2.6502829e-09 6.6387673e-09            0            0 0.0013582117 -0.00021828731 0.0010568247 -0.00024475457 0.00021202097 0.00061947276
   1461.6482 -2.4781031e-09 6.1918732e-09            0            0 0.0013696974 -0.00015814696 0.0010483192 -0.00017486193 0.00023025813 0.00071411626
   1694.7759 -2.7578526e-09 5.7188667e-09            0            0 0.0014349403 -0.00012272787 0.0010980343 -0.00011902975 0.00017535186 0.00078509952
   1965.0865 -3.6305039e-09 6.9322872e-09            0            0 0.0014955831 -0.00014723605 0.0011676979 -0.00012749959 0.0001883231 0.00094240549
   2278.5107 -1.5824493e-09 9.3921928e-09            0            0 0.0015129675 -0.00025857854 0.0011862955 -0.00022547864 1.8189523e-05 0.0011216253
    2641.925 2.0928315e-09 9.1112726e-09            0            0 0.0014415734 -0.00033617907 0.0011214468 -0.00027990609 -6.582423e-07 0.0015263371
   3063.3027 4.9225561e-09 8.2922318e-09            0            0  0.001387611 -0.00034573066 0.0011011622 -0.00027251686 0.00036428415 0.0018317173
   3551.8884 7.3309399e-09 6.4362964e-09            0            0 0.0013738452 -0.0003479757 0.0011032764 -0.00029226224 0.00044354468 0.0018072333
   4118.4019 9.8941637e-09 2.9363623e-09            0            0 0.0013760866 -0.00040116211 0.0010899815 -0.00035400494 0.00036652054 0.0020966621
   4775.2725 1.027689e-08 -2.7489284e-09            0            0  0.001328236 -0.00050796551 0.0010323682 -0.00040079182 0.00050944393 0.0024957431
   5536.9111 4.9502775e-09 -1.0720768e-08            0            0 0.0011254798 -0.00053707178 0.00097790454 -0.00040229884 0.00073031837 0.0028720719
   6420.0283 -7.2246586e-09 -9.2711403e-09            0            0  0.001092101 -0.00046482586 0.00097477128 -0.00044553392 0.00093424541 0.0033438874
        7444 -1.8493453e-09 6.2250542e-09            0            0 0.0010573446 -0.00049619173 0.00092741585 -0.00050611672 0.0012904601  0.003860374