    31.17728 5.0598391e-08 3.9148142e-07            0            0 0.00022580313 -6.0925009e-07 -0.00059676869 -0.00034639417 0.00012350777 0.00013696968
   36.149944 1.7800041e-08 -2.6079883e-09            0            0 -2.8053611e-05 1.1435567e-05 -0.00099072885 -0.00011152319 6.4369553e-05 -1.8394365e-05
    41.91573 6.513885e-09 -6.7092643e-09            0            0 -0.00030287326 0.00033669831 -0.0013243344 0.00039973666 -2.7838703e-05 8.5803931e-06
   48.601139 -5.6217089e-09 -1.21953e-08            0            0 -0.00025619043 0.00081425847 -0.0013532937 0.0011475574 -5.1155086e-05 4.0755334e-05
   56.352848 -1.7510706e-08 9.4729113e-10            0            0 -0.00015307515 0.0013295682 -0.00091838645 0.0018549765 0.00011055799 -8.0708756e-05
   65.340927 -1.1337608e-08 1.5868325e-08            0            0 0.00040137852 0.0015645728 -0.00021030245 0.0022215557 5.507774e-05 5.2727573e-05
   75.762566 4.5849764e-09 2.3861991e-08            0            0 0.00091581029 0.0015661409 0.00048779804 0.0022565168 8.8014436e-05 -4.6078851e-05
   87.846428 2.3769761e-08 1.9910431e-08            0            0 0.0013388769 0.0013731761 0.0010404044 0.0020591526 -1.2547699e-05 -6.9452726e-05
   101.85761 3.5697809e-08 3.9982684e-09            0            0 0.0015963081 0.0010657387 0.0014330882 0.0017835711 -5.3701784e-05 1.6429418e-05
   118.10354 3.3564071e-08 -1.7678069e-08            0            0 0.0017266007 0.00089836819 0.0016922712 0.0014435787 -2.9097604e-05 -6.3608248e-05
   136.94063 1.9616328e-08 -3.6175759e-08            0            0 0.0018270734 0.00066723739  0.001861632 0.0011559656 -0.00011229364 6.8483123e-06
   158.78217 -1.7011558e-09 -4.1212694e-08            0            0 0.0018450776 0.00047289723 0.0019510722 0.0008734939 -0.00012430701 -4.4000029e-05
   184.10735 -1.7527807e-08 -3.0943166e-08            0            0 0.0018359534 0.00030446384 0.0019902228 0.0006173852 -0.00016668769 3.7534548e-05
   213.47182 -2.3997231e-08 -1.9139129e-08            0            0 0.0018397007 0.00015755807 0.0019983344 0.00038814952 -0.000240911 8.4637519e-05
   247.51981 -2.5489623e-08 -1.09831e-08            0            0 0.0017780677 3.090423e-05  0.001952754 0.00018149154 -0.00023947925 0.00016668173
   286.99832 -2.6018048e-08 -2.3719369e-09            0            0  0.001713828 -9.8030017e-05 0.0019101003 -1.7757575e-05 -0.00025308516 0.00024564599
   332.77353 -1.4593694e-08 7.010525e-09            0            0 0.0014195938 -0.0002184466 0.0014433325 -0.00038411893 -0.00021921945 0.00036192697
    385.8497 -1.436693e-08 6.0640128e-09            0            0 0.0015095872 -8.3789018e-05 0.0016757265 -0.00010450771 -0.00015708763 0.00046048308
   447.39136 -1.0579662e-08 7.5385884e-09            0            0  0.001452729 -0.00013260299 0.0016031723 -0.00021732703 -6.0273953e-05 0.00054236408
   518.74866 -7.1467081e-09 6.9981447e-09            0            0 0.0013849589 -0.00015479529 0.0015141068 -0.00028507283 5.6334215e-05 0.00058135268
   601.48724 -6.2227774e-09 5.9561565e-09            0            0 0.0012916016 -0.00015538748 0.0014174872 -0.00032035992 0.00021047685 0.00053708494
    697.4223 -4.5263531e-09 5.687852e-09            0            0 0.0012650347 -6.6200017e-05 0.0013516934 -0.00033146888 5.3618569e-05 0.00062380458
   808.65863 -6.1723457e-09 4.4292245e-09            0            0 0.0012964705 -2.0430465e-05 0.0012841353 -0.00035980091 0.00019531236 0.00062175188
   937.63678 -4.3391259e-09 5.2635496e-09            0            0 0.0012887339 -1.8461918e-05  0.001189138 -0.00035089365 0.0002387795 0.00061342004
   1087.1865 -3.180495e-09 5.1412687e-09            0            0 0.0012861651 6.9109979e-06 0.0011117499 -0.0003139773 0.00025261598 0.00062066526
   1260.5889 -2.4244851e-09 5.0341962e-09            0            0 0.0013028192 3.4439494e-05 0.0010603277 -0.00025556292 0.00021131099 0.00061694195
   1461.6482 -1.8450711e-09 4.9572946e-09            0            0 0.0013211106 5.5264114e-05 0.0010415809 -0.00017884938 0.00022786921 0.00070754776
   1694.7759 -1.3781472e-09 4.7071902e-09            0            0 0.0013696264 7.3657451e-05 0.0010849439 -0.0001079153 0.00017279593 0.00077838759
   1965.0865 -1.500797e-09 4.6867648e-09            0            0 0.0014361526 6.8098176e-05 0.0011813467 -0.00010174749 0.00018552078 0.0009364438
   2278.5107 -1.1661674e-09 6.0374377e-09            0            0 0.0015097536 2.8160787e-06  0.001236132 -0.00021153831 1.7632283e-05 0.0011157758
    2641.925 1.3049212e-09 7.3234196e-09            0            0 0.0015350716 -8.9087531e-05  0.001165743 -0.00028832426 -2.3641341e-07 0.0015253695
   3063.3027 3.6543699e-09 5.8281633e-09            0            0  0.001513478 -0.00014247626 0.0011162733 -0.00027512354 0.00035850806  0.001815985
   3551.8884 5.1399645e-09 3.7211283e-09            0            0 0.0015439009 -0.0001843358 0.0011365436 -0.00029493621 0.0004418559  0.001800255
   4118.4019 7.5179614e-09 1.7790452e-09            0            0  0.001585834 -0.00029330523 0.0011217553 -0.00036775245 0.00036776342 0.0020879181
   4775.2725 7.6888158e-09 -2.6910265e-09            0            0 0.0015603995 -0.00050170656 0.0010544554 -0.00042915955 0.00050886394 0.0024755446
   5536.9111 2.6973332e-09 -7.584477e-09            0            0 0.0013200183 -0.0006124691 0.00097418419 -0.0004238894 0.00072301959 0.0028641762
   6420.0283 -4.8634159e-09 -6.2461925e-09            0            0 0.0012346058 -0.00059103215 0.00096135197 -0.00046597578 0.00093123206  0.003310218
        7444 -1.6655133e-09 4.7970841e-09            0            0 0.0011118177 -0.00063102797 0.00090755569 -0.00051117671 0.0012449526 0.0038043619