   136.48851 -0.022254396  0.021323048
   147.85936 0.0019384937 -0.020665307
   160.17754 -0.051232245 -0.054320138
   173.52193  0.024272831 -0.025173711
   187.97803 -0.010405868 -0.0093190344
   203.63849 -0.031756964  0.016986897
   220.60361 -1.0595649e-16 -1.3484177e-16
    238.9821 0.0015370356 -0.00027008326
   258.89169 5.200331e-05 -6.2781502e-05
   280.45996 0.0012896323 -0.0040189824
   303.82507 0.00067775697 -0.00033518643
   329.13675 -2.3775477e-19 3.3375073e-17
   356.55713 9.173587e-05 9.2591536e-06
    386.2619 2.4730962e-05 -1.9193894e-05
   418.44141 3.284154e-06 -2.2090194e-06
   453.30176 -7.7664186e-09 -8.135328e-09
   491.06631 -1.227261e-08 -9.575162e-09
   531.97705 -1.2141833e-08 -6.3378005e-09
   576.29608 -1.1628654e-08 -2.6281617e-09
   624.30731 -1.0887047e-08 -1.657654e-09
   676.31836 -9.7997939e-09 -4.0758993e-12
   732.66241 -8.76648e-09 1.4434268e-09
    793.7005 -7.772849e-09 3.6610459e-09
   859.82373 -6.6070198e-09 3.0864478e-09
   931.45563 -5.590957e-09 2.6522118e-09
   1009.0552 -4.5258379e-09 3.7714334e-09
   1093.1196 -3.7434598e-09 4.4895851e-09
   1184.1874 -3.2746748e-09 3.9434807e-09
    1282.842 -2.7665077e-09 4.2596411e-09
   1389.7157 -1.8799449e-09 4.697835e-09
   1505.4928 -1.1218062e-09 4.8241136e-09
   1630.9155 -5.8265448e-10 5.1063398e-09
    1766.787 -2.8878448e-11 5.2510751e-09
    1913.978 8.6220331e-10 5.4795009e-09
   2073.4316 3.016092e-09 5.9043552e-09
   2246.1692 4.4684474e-09 5.7635061e-09
   2433.2976 5.9170366e-09 5.0294076e-09
   2636.0156 8.9331929e-09 1.6661773e-09
   2855.6221 8.6621696e-09 -1.6654355e-09
   3093.5239 9.3470396e-09 -5.2342837e-09
   3351.2454 1.7852394e-09 -9.3226609e-09
   3630.4377 1.4326715e-09 -9.3443226e-09
   3932.8894 -3.5436192e-09 -1.2220366e-08
   4260.5386 -1.3965318e-08 -8.223024e-09
   4615.4839 -1.533969e-08  4.29824e-09
        5000 -7.8962712e-09 1.5134356e-08