   99.102608 1.2231947e-08 3.3909213e-08
   107.35884 2.678658e-08 2.8391826e-08
   116.30291 3.6254502e-08 1.336617e-08
    125.9921 3.5381298e-08 -2.7250432e-10
   136.48851 3.2547508e-08 -8.4282359e-09
   147.85936 2.7307193e-08 -1.357404e-08
   160.17754 2.1488852e-08 -1.6848384e-08
   173.52193 1.8187011e-08 -1.7692498e-08
   187.97803 1.5897774e-08 -1.8344862e-08
   203.63849 1.3335702e-08 -2.0560062e-08
   220.60361 8.9321128e-09 -2.2926343e-08
    238.9821 4.075889e-09 -2.5504598e-08
   258.89169 4.9758482e-09 -2.583284e-08
   280.45996 -1.4656204e-09 -2.6788111e-08
   303.82507 -9.9018491e-09 -2.688892e-08
   329.13675 -1.5987586e-08 -2.2255842e-08
   356.55713 -2.0104858e-08 -1.9705073e-08
    386.2619 -1.8132335e-08 -1.8857357e-08
   418.44141 -2.2150887e-08 -1.355715e-08
   453.30176 -2.4946004e-08 -7.6926039e-09
   491.06631 -2.2666331e-08 -4.508649e-09
   531.97705 -2.1569102e-08 2.5859287e-10
   576.29608 -1.9296071e-08 2.5766154e-09
   624.30731 -1.7653232e-08 8.1267881e-09
   676.31836 -1.482198e-08 9.0595194e-09
   732.66241 -1.2138366e-08 8.8729211e-09
    793.7005 -9.8396473e-09 1.1720284e-08
   859.82373 -7.8769578e-09 1.0720116e-08
   931.45563 -5.9275322e-09 1.1639727e-08
   1009.0552 -3.8309493e-09 1.2071927e-08
   1093.1196 -2.6756508e-09 1.036646e-08
   1184.1874 -9.4455643e-10 1.1341942e-08
    1282.842 1.128202e-10 1.0011386e-08
   1389.7157 2.6318507e-09 1.1812482e-08
   1505.4928 4.2318011e-09 1.1640235e-08
   1630.9155 4.4323292e-09 9.5414512e-09
    1766.787 5.6869913e-09 9.0240277e-09
    1913.978 6.721057e-09 7.9906908e-09
   2073.4316 9.3969375e-09 7.1440014e-09
   2246.1692 1.158643e-08 5.2511697e-09
   2433.2976 1.4468347e-08 1.1987655e-09
   2636.0156 1.4632049e-08 -4.7940696e-09
   2855.6221 1.0674086e-08 -1.0271218e-08
   3093.5239 7.3068422e-09 -1.3482932e-08
   3351.2454 -1.8082131e-09 -1.4158179e-08
   3630.4377 -3.9407073e-09 -1.3010752e-08
   3932.8894 -1.1046006e-08 -1.3229743e-08
   4260.5386 -2.3112127e-08 -2.3760367e-09
   4615.4839 -1.6425828e-08 1.1119059e-08
        5000 -4.4722617e-09 2.083663e-08