35.00000000000000000 -4.7092628e-09 -1.1974266e-10
41.38706588745117190 -2.3262530e-09 +2.8035245e-09
48.93969345092773440 -2.6906852e-10 +2.8413234e-09
57.87057876586914060 +8.4424806e-10 +1.7247828e-09
68.43124389648437500 +6.0584110e-10 +5.2624094e-10
80.91909790039062500 -2.9461072e-10 +5.1447770e-11
95.68582916259765620 -1.3760714e-09 +2.6641772e-10
113.1473083496093750 -1.9791098e-09 +7.6619505e-10
133.7952880859375000 -2.8986191e-09 +2.6292413e-09
158.2112731933593750 -2.2816133e-09 +5.6580403e-09
187.0828704833984380 +5.2477084e-10 +7.0176909e-09
221.2231750488281250 +4.2706092e-09 +7.3908812e-09
261.5936584472656250 +7.9332079e-09 +5.8871148e-09
