35.00000000000000000 -4.2303721e-09 +1.4057309e-09
39.81671524047851560 -2.4817970e-09 +2.3714117e-09
45.29631042480468750 -8.8763186e-10 +2.6479003e-09
51.53000640869140620 +2.8654318e-10 +1.9214907e-09
58.62158584594726560 +5.6834354e-10 +7.6017281e-10
66.68911743164062500 +2.9025068e-10 +2.1017724e-10
75.86689758300781250 -2.7263472e-10 -1.3142688e-10
86.30773925781250000 -1.1750079e-09 -1.3762824e-10
98.18544006347656250 -2.2007784e-09 +4.1215528e-10
111.6977691650390620 -2.4385713e-09 +8.7289365e-10
127.0696640014648440 -3.4566787e-09 +2.5538542e-09
144.5570373535156250 -3.4058714e-09 +4.6745670e-09
164.4510498046875000 -1.9841702e-09 +7.2333144e-09
187.0828704833984380 +5.5374633e-10 +7.5619067e-09
212.8292999267578120 +4.1546837e-09 +8.7725986e-09
242.1189575195312500 +7.0437043e-09 +7.2617938e-09
275.4394531250000000 +9.1377865e-09 +5.1214202e-09
313.3455810546875000 +9.5860688e-09 +2.3354221e-09
356.4683227539062500 +8.2301792e-09 -1.5140099e-09
405.5256347656250000 +7.9934166e-09 -2.7729716e-09
461.3342590332031250 +6.8951849e-09 -4.1016022e-09
524.8233032226562500 +5.2793352e-09 -4.9579150e-09
597.0496826171875000 +3.5784173e-09 -4.8946949e-09
679.2158813476562500 +1.8532259e-09 -3.6740335e-09
772.6898803710937500 +2.9166463e-09 -4.2688955e-09
879.0278320312500000 +1.6431225e-09 -5.3690212e-09
1000.000000000000000 +2.1526685e-10 -4.6794773e-09
