          35 -5.8511507e-09 -5.4796723e-10 -7.8932283e-09 1.0320934e-09 -4.670254e-09 4.6693871e-10 -4.7092628e-09 -1.1974266e-10 -4.2303721e-09 1.4057309e-09 -5.4391314e-09 6.952296e-10 -5.9647687e-09 8.6065366e-10
   41.760822 -3.3174383e-09 4.1610324e-09 -4.8831681e-09 5.8435954e-09 -2.1382316e-09 2.9614611e-09 -2.326253e-09 2.8035245e-09 -2.481797e-09 2.3714117e-09 -3.6111318e-09 2.9541449e-09 -4.3090833e-09 3.7129646e-09
    49.82761 -1.9717288e-10 4.3476525e-09 -5.902161e-10 6.6908421e-09 -4.0308729e-11  2.52781e-09 -2.6906852e-10 2.8413234e-09 -8.8763186e-10 2.6479003e-09 -1.3625651e-09 3.6368959e-09 -1.8045271e-09 4.6716324e-09
   59.452625 1.1824536e-09 2.5451843e-09 -2.2099771e-09 7.9750029e-09 -3.0476157e-09 -4.0723462e-12 8.4424806e-10 1.7247828e-09 2.8654318e-10 1.9214907e-09 2.1268484e-10 3.1394876e-09 2.1351784e-10 4.3653969e-09
   70.936874 1.3739032e-09 1.4612644e-09 2.8688272e-09 3.0372209e-09 1.1067438e-10 2.1354897e-10 6.058411e-10 5.2624094e-10 5.6834354e-10 7.6017281e-10 9.3194896e-10 1.9236404e-09 1.316157e-09 3.0859133e-09
   84.639488 9.2932351e-10 7.3557865e-10 2.5573352e-09  1.47259e-09 -8.0302837e-10 -3.0383227e-11 -2.9461072e-10 5.144777e-11 2.9025068e-10 2.1017724e-10 1.1296316e-09 1.2417741e-09 1.705619e-09 2.1132935e-09
   100.98899 2.0438244e-10 1.261146e-10 1.6231099e-09 7.4615941e-10 -1.8155186e-09 4.5198226e-10 -1.3760714e-09 2.6641772e-10 -2.7263472e-10 -1.3142688e-10 5.1093058e-10 5.0506455e-10 1.5715398e-09 1.2061946e-09
   120.49667 -1.7666315e-09 1.4408517e-09 9.261443e-11 8.2931717e-10 -3.1206335e-09 1.8523586e-09 -1.9791098e-09 7.6619505e-10 -1.1750079e-09 -1.3762824e-10 1.8062139e-10 2.3270123e-10 1.7198357e-09 5.7446992e-10
   143.77257 -2.5181974e-09 4.0718611e-09 -2.0136461e-09 4.2354391e-09 -3.3194154e-09 4.2906128e-09 -2.8986191e-09 2.6292413e-09 -2.2007784e-09 4.1215528e-10 -1.121955e-09 4.5779672e-10 1.1242973e-10 3.4224318e-10
    171.5446 -9.1023084e-10 6.7593202e-09 -7.4200847e-11 6.6233605e-09 -1.2358468e-09 8.881595e-09 -2.2816133e-09 5.6580403e-09 -2.4385713e-09 8.7289365e-10 -1.2373533e-09 5.4848182e-10 -6.4077427e-10 5.4436311e-10
   204.68124 3.0160907e-09 8.8591126e-09 3.8386538e-09 8.9383434e-09 2.564394e-09 8.188267e-09 5.2477084e-10 7.0176909e-09 -3.4566787e-09 2.5538542e-09 -2.062384e-09 1.4863295e-09 -1.9234085e-09 1.7740983e-09
   244.21877 7.3055726e-09 7.5057791e-09 8.906702e-09 8.1954887e-09 6.5703611e-09 6.7541452e-09 4.2706092e-09 7.3908812e-09 -3.4058714e-09 4.674567e-09 -2.5761155e-09 3.4212984e-09 -2.4610296e-09 3.9501975e-09
   291.39362 1.0946375e-08 4.4119344e-09 1.3299059e-08 4.7574846e-09 1.0120998e-08 4.1874189e-09 7.9332079e-09 5.8871148e-09 -1.9841702e-09 7.2333144e-09 -1.6577826e-09 5.9633756e-09 -1.1976442e-09 4.284225e-09
   347.68106 9.0593995e-09 -1.6185457e-09 1.1666549e-08 -2.6494753e-09 9.3919317e-09 -1.5762631e-09            0            0 5.5374633e-10 7.5619067e-09 5.5486071e-10 6.9373769e-09 7.5143197e-10 7.2983721e-09
   414.84134 9.0062331e-09 -3.3684437e-09 1.0705648e-08 -4.2683159e-09 8.0500389e-09 -2.940316e-09            0            0 4.1546837e-09 8.7725986e-09 3.5102272e-09 7.6390352e-09 3.6375316e-09 7.6169533e-09
   494.97476 6.8308648e-09 -5.2213305e-09 7.929974e-09 -6.4204095e-09 6.5662924e-09 -5.0355191e-09            0            0 7.0437043e-09 7.2617938e-09 5.5310045e-09 6.1548344e-09 6.343142e-09 6.8204171e-09
   590.58722 4.1457273e-09 -5.9228689e-09 5.2357363e-09 -8.1036582e-09 4.0716648e-09 -5.5161982e-09            0            0 9.1377865e-09 5.1214202e-09 8.9751797e-09 5.1349307e-09 9.2765466e-09 5.3469118e-09
   704.66882 2.6936582e-09 -6.3393761e-09 3.5315735e-09 -8.4916509e-09 2.0693594e-09 -4.797359e-09            0            0 9.5860688e-09 2.3354221e-09 1.1298686e-08 2.3818152e-09 1.1929389e-08 2.3260984e-09
   840.78711 2.5177862e-09 -6.3854597e-09 2.6201687e-09 -7.0545378e-09 2.3179094e-09 -5.5285896e-09            0            0 8.2301792e-09 -1.5140099e-09 8.2924263e-09 -1.5029165e-09 7.7351139e-09 -1.3372123e-09
   1003.1989 9.4978296e-11 -6.2159891e-09 -1.0480168e-10 -7.6182305e-09 1.7112375e-10 -5.6431193e-09            0            0 7.9934166e-09 -2.7729716e-09 7.5846467e-09 -2.4145774e-09 8.8000238e-09 -2.9677043e-09
   1196.9832 -1.6266174e-09 -5.2103797e-09 -2.0607624e-09 -6.4450036e-09 -1.4212856e-09 -4.9253579e-09            0            0 6.8951849e-09 -4.1016022e-09 5.6615956e-09 -2.9375153e-09 7.6503541e-09 -4.5283834e-09
   1428.2001 -2.7849683e-09 -4.2403472e-09 -3.4155774e-09 -5.1346118e-09 -2.4419218e-09 -3.7669232e-09            0            0 5.2793352e-09 -4.957915e-09 5.3916493e-09 -4.9811861e-09            0            0
   1704.0802 -3.5109213e-09 -3.1070027e-09 -4.3482644e-09 -3.9017864e-09 -3.3188576e-09 -2.901452e-09            0            0 3.5784173e-09 -4.8946949e-09 3.7316554e-09 -5.2709481e-09            0            0
   2033.2512 -5.4015934e-09 -1.9979112e-09 -5.8180043e-09 -2.1535884e-09 -4.1479393e-09 -1.5446567e-09            0            0 1.8532259e-09 -3.6740335e-09 1.9335356e-09 -3.8465928e-09            0            0
   2426.0068 -5.9313807e-09 2.145361e-09 -7.3533077e-09 2.8141116e-09 -5.0031952e-09 1.6803278e-09            0            0 2.9166463e-09 -4.2688955e-09 3.0448142e-09 -4.2217896e-09            0            0
   2894.6299 -2.3377664e-09 5.0987747e-09 -2.8915916e-09 6.507674e-09 -2.3233728e-09 4.8823732e-09            0            0 1.6431225e-09 -5.3690212e-09 1.7061198e-09 -5.4967866e-09            0            0
   3453.7749 2.0300068e-09 5.2073283e-09 2.4000704e-09 6.034417e-09 1.8824762e-09 4.7369682e-09            0            0 2.1526685e-10 -4.6794773e-09 1.8444286e-10 -4.7526676e-09            0            0
   4120.9282 5.7000302e-09 5.5451166e-10 7.2630177e-09 6.2180394e-10 4.9815263e-09 4.7658344e-10            0            0            0            0            0            0            0            0
   4916.9526 1.5058234e-09 -5.4889768e-09 1.9025768e-09 -6.8403962e-09 1.1834163e-09 -4.56463e-09            0            0            0            0            0            0            0            0
   5866.7427 -4.2311634e-09 1.141868e-10 -6.0163314e-09 2.4411498e-10 -4.3304587e-09 1.785192e-10            0            0            0            0            0            0            0            0
        7000 3.8350141e-09 1.8848869e-09 4.5552264e-09 2.1675661e-09 3.3406673e-09 1.5236918e-09            0            0            0            0            0            0            0            0