35.00000000000000000 -5.9647687e-09 +8.6065366e-10
39.81671524047851560 -4.3090833e-09 +3.7129646e-09
45.29631042480468750 -1.8045271e-09 +4.6716324e-09
51.53000640869140620 +2.1351784e-10 +4.3653969e-09
58.62158584594726560 +1.3161570e-09 +3.0859133e-09
66.68911743164062500 +1.7056190e-09 +2.1132935e-09
75.86689758300781250 +1.5715398e-09 +1.2061946e-09
86.30773925781250000 +1.7198357e-09 +5.7446992e-10
98.18544006347656250 +1.1242973e-10 +3.4224318e-10
111.6977691650390620 -6.4077427e-10 +5.4436311e-10
127.0696640014648440 -1.9234085e-09 +1.7740983e-09
144.5570373535156250 -2.4610296e-09 +3.9501975e-09
164.4510498046875000 -1.1976442e-09 +4.2842250e-09
187.0828704833984380 +7.5143197e-10 +7.2983721e-09
212.8292999267578120 +3.6375316e-09 +7.6169533e-09
242.1189575195312500 +6.3431420e-09 +6.8204171e-09
275.4394531250000000 +9.2765466e-09 +5.3469118e-09
313.3455810546875000 +1.1929389e-08 +2.3260984e-09
356.4683227539062500 +7.7351139e-09 -1.3372123e-09
405.5256347656250000 +8.8000238e-09 -2.9677043e-09
461.3342590332031250 +7.6503541e-09 -4.5283834e-09
