35.00000000000000000 -4.6702540e-09 +4.6693871e-10
41.76082229614257810 -2.1382316e-09 +2.9614611e-09
49.82761001586914060 -4.0308729e-11 +2.5278100e-09
59.45262527465820310 -3.0476157e-09 -4.0723462e-12
70.93687438964843750 +1.1067438e-10 +2.1354897e-10
84.63948822021484380 -8.0302837e-10 -3.0383227e-11
100.9889907836914060 -1.8155186e-09 +4.5198226e-10
120.4966659545898440 -3.1206335e-09 +1.8523586e-09
143.7725677490234380 -3.3194154e-09 +4.2906128e-09
171.5446014404296880 -1.2358468e-09 +8.8815950e-09
204.6812438964843750 +2.5643940e-09 +8.1882670e-09
244.2187652587890620 +6.5703611e-09 +6.7541452e-09
291.3936157226562500 +1.0120998e-08 +4.1874189e-09
347.6810607910156250 +9.3919317e-09 -1.5762631e-09
414.8413391113281250 +8.0500389e-09 -2.9403160e-09
494.9747619628906250 +6.5662924e-09 -5.0355191e-09
590.5872192382812500 +4.0716648e-09 -5.5161982e-09
704.6688232421875000 +2.0693594e-09 -4.7973590e-09
840.7871093750000000 +2.3179094e-09 -5.5285896e-09
1003.198913574218750 +1.7112375e-10 -5.6431193e-09
1196.983154296875000 -1.4212856e-09 -4.9253579e-09
1428.200073242187500 -2.4419218e-09 -3.7669232e-09
1704.080200195312500 -3.3188576e-09 -2.9014520e-09
2033.251220703125000 -4.1479393e-09 -1.5446567e-09
2426.006835937500000 -5.0031952e-09 +1.6803278e-09
2894.629882812500000 -2.3233728e-09 +4.8823732e-09
3453.774902343750000 +1.8824762e-09 +4.7369682e-09
4120.928222656250000 +4.9815263e-09 +4.7658344e-10
4916.952636718750000 +1.1834163e-09 -4.5646300e-09
5866.742675781250000 -4.3304587e-09 +1.7851920e-10
7000.000000000000000 +3.3406673e-09 +1.5236918e-09
