35.00000000000000000 -5.8511507e-09 -5.4796723e-10
41.76082229614257810 -3.3174383e-09 +4.1610324e-09
49.82761001586914060 -1.9717288e-10 +4.3476525e-09
59.45262527465820310 +1.1824536e-09 +2.5451843e-09
70.93687438964843750 +1.3739032e-09 +1.4612644e-09
84.63948822021484380 +9.2932351e-10 +7.3557865e-10
100.9889907836914060 +2.0438244e-10 +1.2611460e-10
120.4966659545898440 -1.7666315e-09 +1.4408517e-09
143.7725677490234380 -2.5181974e-09 +4.0718611e-09
171.5446014404296880 -9.1023084e-10 +6.7593202e-09
204.6812438964843750 +3.0160907e-09 +8.8591126e-09
244.2187652587890620 +7.3055726e-09 +7.5057791e-09
291.3936157226562500 +1.0946375e-08 +4.4119344e-09
347.6810607910156250 +9.0593995e-09 -1.6185457e-09
414.8413391113281250 +9.0062331e-09 -3.3684437e-09
494.9747619628906250 +6.8308648e-09 -5.2213305e-09
590.5872192382812500 +4.1457273e-09 -5.9228689e-09
704.6688232421875000 +2.6936582e-09 -6.3393761e-09
840.7871093750000000 +2.5177862e-09 -6.3854597e-09
1003.198913574218750 +9.4978296e-11 -6.2159891e-09
1196.983154296875000 -1.6266174e-09 -5.2103797e-09
1428.200073242187500 -2.7849683e-09 -4.2403472e-09
1704.080200195312500 -3.5109213e-09 -3.1070027e-09
2033.251220703125000 -5.4015934e-09 -1.9979112e-09
2426.006835937500000 -5.9313807e-09 +2.1453610e-09
2894.629882812500000 -2.3377664e-09 +5.0987747e-09
3453.774902343750000 +2.0300068e-09 +5.2073283e-09
4120.928222656250000 +5.7000302e-09 +5.5451166e-10
4916.952636718750000 +1.5058234e-09 -5.4889768e-09
5866.742675781250000 -4.2311634e-09 +1.1418680e-10
7000.000000000000000 +3.8350141e-09 +1.8848869e-09
