35.00000000000000000 -5.4391314e-09 +6.9522960e-10
39.81671524047851560 -3.6111318e-09 +2.9541449e-09
45.29631042480468750 -1.3625651e-09 +3.6368959e-09
51.53000640869140620 +2.1268484e-10 +3.1394876e-09
58.62158584594726560 +9.3194896e-10 +1.9236404e-09
66.68911743164062500 +1.1296316e-09 +1.2417741e-09
75.86689758300781250 +5.1093058e-10 +5.0506455e-10
86.30773925781250000 +1.8062139e-10 +2.3270123e-10
98.18544006347656250 -1.1219550e-09 +4.5779672e-10
111.6977691650390620 -1.2373533e-09 +5.4848182e-10
127.0696640014648440 -2.0623840e-09 +1.4863295e-09
144.5570373535156250 -2.5761155e-09 +3.4212984e-09
164.4510498046875000 -1.6577826e-09 +5.9633756e-09
187.0828704833984380 +5.5486071e-10 +6.9373769e-09
212.8292999267578120 +3.5102272e-09 +7.6390352e-09
242.1189575195312500 +5.5310045e-09 +6.1548344e-09
275.4394531250000000 +8.9751797e-09 +5.1349307e-09
313.3455810546875000 +1.1298686e-08 +2.3818152e-09
356.4683227539062500 +8.2924263e-09 -1.5029165e-09
405.5256347656250000 +7.5846467e-09 -2.4145774e-09
461.3342590332031250 +5.6615956e-09 -2.9375153e-09
524.8233032226562500 +5.3916493e-09 -4.9811861e-09
597.0496826171875000 +3.7316554e-09 -5.2709481e-09
679.2158813476562500 +1.9335356e-09 -3.8465928e-09
772.6898803710937500 +3.0448142e-09 -4.2217896e-09
879.0278320312500000 +1.7061198e-09 -5.4967866e-09
1000.000000000000000 +1.8444286e-10 -4.7526676e-09
