35.00000000000000000 -7.8932283e-09 +1.0320934e-09
41.76082229614257810 -4.8831681e-09 +5.8435954e-09
49.82761001586914060 -5.9021610e-10 +6.6908421e-09
59.45262527465820310 -2.2099771e-09 +7.9750029e-09
70.93687438964843750 +2.8688272e-09 +3.0372209e-09
84.63948822021484380 +2.5573352e-09 +1.4725900e-09
100.9889907836914060 +1.6231099e-09 +7.4615941e-10
120.4966659545898440 +9.2614430e-11 +8.2931717e-10
143.7725677490234380 -2.0136461e-09 +4.2354391e-09
171.5446014404296880 -7.4200847e-11 +6.6233605e-09
204.6812438964843750 +3.8386538e-09 +8.9383434e-09
244.2187652587890620 +8.9067020e-09 +8.1954887e-09
291.3936157226562500 +1.3299059e-08 +4.7574846e-09
347.6810607910156250 +1.1666549e-08 -2.6494753e-09
414.8413391113281250 +1.0705648e-08 -4.2683159e-09
494.9747619628906250 +7.9299740e-09 -6.4204095e-09
590.5872192382812500 +5.2357363e-09 -8.1036582e-09
704.6688232421875000 +3.5315735e-09 -8.4916509e-09
840.7871093750000000 +2.6201687e-09 -7.0545378e-09
1003.198913574218750 -1.0480168e-10 -7.6182305e-09
1196.983154296875000 -2.0607624e-09 -6.4450036e-09
1428.200073242187500 -3.4155774e-09 -5.1346118e-09
1704.080200195312500 -4.3482644e-09 -3.9017864e-09
2033.251220703125000 -5.8180043e-09 -2.1535884e-09
2426.006835937500000 -7.3533077e-09 +2.8141116e-09
2894.629882812500000 -2.8915916e-09 +6.5076740e-09
3453.774902343750000 +2.4000704e-09 +6.0344170e-09
4120.928222656250000 +7.2630177e-09 +6.2180394e-10
4916.952636718750000 +1.9025768e-09 -6.8403962e-09
5866.742675781250000 -6.0163314e-09 +2.4411498e-10
7000.000000000000000 +4.5552264e-09 +2.1675661e-09
