   25.849968 -3.0819538e-07 -3.1895664e-07
   26.460009 -4.7172395e-07 -2.661132e-07
   27.084448 -8.3851899e-07 -1.4093641e-07
   27.723623 -8.6996261e-07 2.8741525e-07
   28.377884 -5.387023e-07 3.189682e-07
   29.047583 -2.5671912e-07 4.7584876e-07
   29.733088 -6.8538775e-08 5.3127116e-07
   30.434769 7.120812e-08 4.3964556e-07
   31.153009 1.3952886e-07 2.5212245e-07
   31.888199 1.7336437e-07 2.580158e-07
   32.640739 1.4117178e-07 2.2012664e-07
   33.411041 1.3299736e-07 1.0982717e-07
    34.19952 8.8415611e-08 8.6953435e-08
   35.006607 2.3285079e-08 1.0473844e-07
   35.832737 -3.1540491e-08 1.6037154e-07
   36.678368 -2.1489134e-08 2.168035e-07
   37.543953 2.9368547e-08 2.5253323e-07
   38.429966 9.9352896e-08 3.0162371e-07
   39.336887 1.8209357e-07 3.1285867e-07
   40.265213 2.7281314e-07 2.8461062e-07
   41.215446 3.4715094e-07 2.2450732e-07
   42.188103 4.0885311e-07 1.4059692e-07
   43.183716 4.3749318e-07 4.3263082e-08
   44.202824 4.4184333e-07 -6.5163498e-08
   45.245979 4.0989036e-07 -1.7353597e-07
   46.313755 3.3936107e-07 -2.7152248e-07
   47.406731 2.3814772e-07 -3.2287477e-07
   48.525497 1.2651383e-07 -3.2088684e-07
    49.67067 7.0014075e-08 -2.7806584e-07
   50.842861 6.6146733e-08 -2.7276599e-07
   52.042721 1.6878715e-08 -3.1409016e-07
   53.270897 -9.275427e-08 -3.2020162e-07
   54.528053 -1.9011067e-07 -2.3458846e-07
    55.81488 -2.0043841e-07 -1.2839962e-07
   57.132076 -1.7565645e-07 -7.0385035e-08
   58.480354 -1.5861328e-07 -2.9196112e-08
   59.860455 -1.3339668e-07 4.6954414e-09
   61.273121 -9.4091483e-08 2.9440541e-08
   62.719128 -5.7988323e-08 2.8170028e-08
   64.199257 -4.059325e-08 1.6113434e-08
   65.714317 -3.5441179e-08 6.8759878e-09
   67.265129 -3.3376875e-08 4.7279496e-09
   68.852547 -2.6079293e-08 -6.3880551e-10
   70.477417 -2.5662382e-08 -1.4370406e-08
    72.14064 -4.2220734e-08 -2.1319444e-08
   73.843117 -6.1131843e-08 -1.3766313e-08
   75.585762 -7.0089314e-08 6.3867094e-09
   77.369537 -6.6073447e-08 2.8756471e-08
   79.195404 -5.1984539e-08 4.4614257e-08
   81.064369 -3.4957672e-08 5.043443e-08
   82.977432 -1.814807e-08 5.0738386e-08
   84.935646 -8.7206109e-09 4.2914291e-08
   86.940071 -2.6571527e-09 3.9101835e-08
   88.991798 -4.7636939e-09 3.5305703e-08
   91.091949 -5.4276015e-09 3.3797456e-08
   93.241661 -4.7110262e-09 3.4883868e-08
   95.442101 -1.2972533e-09 3.7817617e-08
   97.694473 3.6982044e-09 3.8578058e-08
         100 1.0241051e-08 3.9545263e-08