   72.048744 -4.1083638e-08 -2.1731799e-08
   75.689209 -7.0409072e-08 8.3931182e-09
   79.513618 -4.928188e-08 4.6749463e-08
   83.531265 -1.4156438e-08 5.0126921e-08
   87.751923 -6.0061196e-09 2.8831767e-08
   92.185829 -5.1690248e-09 3.3718184e-08
   96.843781 3.209973e-09 4.0415294e-08
   101.73708 1.3314609e-08 3.9362405e-08
   106.87764 2.3172017e-08 3.4464367e-08
   112.27793 3.3391689e-08 2.4510305e-08
   117.95109 3.5438937e-08 1.4072889e-08
    123.9109 3.5585867e-08 5.2082045e-09
   130.17184 3.4819855e-08 -1.118392e-09
   136.74915 3.2227721e-08 -6.4091998e-09
   143.65878 2.8618631e-08 -9.615043e-09
   150.91754 2.4680318e-08 -1.2424511e-08
   158.54308 2.0134674e-08 -1.3970486e-08
   166.55391 1.8744705e-08 -1.483405e-08
   174.96951 1.5937289e-08 -1.5010677e-08
   183.81035 1.5415715e-08 -1.5439376e-08
   193.09787 1.4708179e-08 -1.608964e-08
   202.85469  1.22409e-08 -1.6966457e-08
   213.10449 1.1396385e-08 -1.8208141e-08
   223.87219 1.0977241e-08 -1.9629475e-08
   235.18398 9.2804706e-09 -2.1022057e-08
   247.06731 7.1298989e-09 -2.2264061e-08
   259.55106 5.1173799e-09 -2.2500766e-08
   272.66562 2.8063838e-09 -2.4487386e-08
   286.44281 -6.1780281e-10 -2.4606686e-08
   300.91614 -3.7223027e-09 -2.4510534e-08
   316.12079 -5.7734835e-09 -2.539408e-08
   332.09366 -9.53486e-09 -2.4599144e-08
   348.87363 -1.4223173e-08 -4.9554312e-09
   366.50146 -1.3371331e-08 -1.9760948e-08
   385.01999 -1.6506362e-08 -1.7795594e-08
   404.47418 -1.9001888e-08 -1.5903472e-08
   424.91138 -2.0859774e-08 -1.2651316e-08
   446.38123 -2.2829886e-08 -8.9850953e-09
   468.93588 -2.3076254e-08 -6.0692225e-09
   492.63019 -2.2753451e-08 -3.0464755e-09
   517.52173 -2.2090703e-08 -5.5685562e-10
   543.67096 -2.1556771e-08 2.1154134e-09
   571.14148 -2.0308741e-08 4.1266048e-09
         600 -1.9175474e-08 6.7032495e-09