          20 -8.6944432e-08 8.4006894e-07
   20.471987 1.0041144e-07 -2.5874013e-07
   20.955112 8.2388837e-08 -2.3917642e-07
    21.44964 5.0368417e-08 3.5003591e-08
   21.955837 1.1620215e-07 1.9399926e-09
    22.47398 3.4311629e-08 1.3488643e-07
   23.004351 3.4695546e-07 -9.4244143e-08
   23.547239 1.0525923e-07 -1.1739922e-07
    24.10294 -1.8156108e-07 -1.9423693e-07
   24.671753 3.159083e-08 -4.6968438e-07
    25.25399 -2.491301e-07 -3.6893829e-07
   25.849968 -3.0451258e-07 -4.3218688e-07
   26.460009 -4.3716472e-07 -2.4887933e-07
   27.084448 -5.5824518e-07 6.7071454e-08
   27.723623 -5.434548e-07 3.8148929e-07
   28.377884 -4.7068497e-07 4.4131858e-07
   29.047583 -3.9579291e-07 5.2317944e-07
   29.733088 -8.2846739e-08 5.2214671e-07
   30.434769 1.4039974e-08 4.6448497e-07
   31.153009 2.0338733e-07 3.6943584e-07
   31.888199 1.0240392e-07 3.6752374e-07
   32.640739 8.908362e-08 1.7598289e-07
   33.411041 1.4117266e-07 1.326956e-07
    34.19952 8.5675978e-08 7.945917e-08
   35.006607 -9.0937515e-09 7.016466e-08
   35.832737 -4.3924707e-08 1.7459773e-07
   36.678368 -3.00663e-08 1.969304e-07
   37.543953 1.1217359e-08 2.5458547e-07
   38.429966 9.2422731e-08 2.8786025e-07
   39.336887 1.7912237e-07 3.0093122e-07
   40.265213 2.5779548e-07 2.6400593e-07
   41.215446 3.2708465e-07 2.1062073e-07
   42.188103 3.7760239e-07 1.3429904e-07
   43.183716 4.0661524e-07 3.5409304e-08
   44.202824 4.0457618e-07 -5.9322169e-08
   45.245979 3.7203068e-07 -1.6113772e-07
   46.313755 3.1034386e-07 -2.455526e-07
   47.406731 2.0959492e-07 -2.9392905e-07
   48.525497 1.094699e-07 -2.9085948e-07
    49.67067 5.728317e-08 -2.4819823e-07
   50.842861 5.3570844e-08 -2.4020682e-07
   52.042721 9.2191392e-09 -2.7747512e-07
   53.270897 -9.0197474e-08 -2.8310748e-07
   54.528053 -1.7658547e-07 -2.034074e-07
    55.81488 -1.8514515e-07 -1.0387258e-07
   57.132076 -1.6057929e-07 -5.0154252e-08
   58.480354 -1.4144911e-07 -1.2656523e-08
   59.860455 -1.0905345e-07 2.7937272e-08
   61.273121 -7.8162408e-08 4.0267444e-08
   62.719128 -4.5385725e-08 3.8872781e-08
   64.199257 -2.8059036e-08 2.7091207e-08
   65.714317 -1.9745503e-08 1.4795179e-08
   67.265129 -1.7634219e-08 1.2179024e-08
   68.852547 -9.5868851e-09 5.1566218e-09
   70.477417 -8.294899e-09 -1.1161209e-08
    72.14064 -2.4778855e-08 -1.8115035e-08
   73.843117 -4.2164896e-08 -1.3233159e-08
   75.585762 -5.2221832e-08 4.8754658e-09
   77.369537 -4.9962882e-08 2.6385731e-08
   79.195404 -3.6761694e-08 3.7844533e-08
   81.064369 -2.2509665e-08 4.5433676e-08
   82.977432 -7.995129e-09 4.4830379e-08
   84.935646 9.9845698e-10 3.7499856e-08
   86.940071 5.539631e-09 3.3256924e-08
   88.991798 2.4848095e-09 2.7103091e-08
   91.091949 1.8961765e-09 2.7452167e-08
   93.241661 2.0988771e-09 2.8619656e-08
   95.442101 4.1148804e-09 2.8525996e-08
   97.694473 8.8257632e-09 3.1895667e-08
         100 1.3678683e-08 3.1958443e-08