    22.85615 9.7895139e-08 -7.0466406e-08
   24.825808 -1.4074111e-07 -2.3818882e-07
   26.965202 -6.8141605e-07 -1.2421629e-07
   29.288963 -3.8990774e-07 5.025542e-07
   31.812977 1.4163847e-07 3.5034606e-07
   34.554501 3.7460524e-08 6.2691804e-08
    37.53228 1.1961871e-08 2.5088454e-07
    40.76667 2.7961448e-07 2.3683022e-07
   44.279789 4.0021357e-07 -6.3111138e-08
   48.095657 1.4103331e-07 -2.8980793e-07
    52.24036 -1.5587093e-09 -2.7319282e-07
   56.742241 -1.6029654e-07 -4.8052382e-08
   61.632072 -6.0218959e-08 5.2714654e-08
   66.943298 -5.8781784e-09 1.9714678e-08
   72.712219 -1.7227915e-08 -1.4929787e-08
   78.978287 -2.6826131e-08 3.8684355e-08
    85.78434 1.5834653e-08 3.2688774e-08
    93.17691 1.3386613e-08 2.3807139e-08
   101.20655 2.5667632e-08 2.4428788e-08
   109.92815 3.8764085e-08 1.6073493e-08
   119.40135 4.3172669e-08 2.7137434e-10
   129.69092 3.9679005e-08 -1.1640322e-08
   140.86719 3.2658548e-08 -2.0619254e-08
   153.00661 2.6872092e-08 -2.4022276e-08
   166.19214 2.0400096e-08 -2.6451698e-08
   180.51396 1.5835198e-08 -2.8712629e-08
   196.06998 1.2423412e-08 -2.8509834e-08
   212.96655 1.0902003e-08 -2.9790714e-08
   231.31921 5.7737464e-09 -3.1525417e-08
   251.25343 3.0546758e-09 -3.3526153e-08
   272.90552 -4.8949294e-09 -3.4923765e-08
   296.42349 -1.0198273e-08 -3.4691443e-08
   321.96817 -1.7155092e-08 -3.276212e-08
   349.71417 -2.102963e-08 -1.7927048e-08
   379.85126 -2.780066e-08 -2.3055541e-08
   412.58542 -3.2268922e-08 -1.6945869e-08
   448.14047 -3.4664527e-08 -9.3932053e-09
   486.75955 -3.4492949e-08 -1.1893181e-09
   528.70667 -3.1282021e-08 3.5052132e-09
   574.26862 -2.9146443e-08 9.6745199e-09
   623.75696 -2.4971103e-08 1.4184433e-08
   677.51001 -2.0614884e-08 1.7030793e-08
   735.89526 -1.6431969e-08 1.8917808e-08
   799.31201 -1.2458964e-08 1.8408842e-08
   868.19373 -9.1598764e-09 1.9440312e-08
   943.01141 -5.9908536e-09 1.9035179e-08
   1024.2766 -3.1444214e-09 1.8715166e-08
   1112.5449 -7.4597206e-10 1.8292877e-08
   1208.4199 1.2280215e-09 1.7100627e-08
    1312.557 3.247802e-09 1.6254939e-08
   1425.6682 5.4004921e-09 1.5619895e-08
    1548.527 7.5797333e-09 1.4833589e-08
   1681.9733 1.0085635e-08 1.4108041e-08
   1826.9194 1.2584016e-08 1.2710838e-08
   1984.3566 1.5598705e-08 1.0789999e-08
   2155.3611 1.9462348e-08 7.4532558e-09
   2341.1021 2.1701364e-08 2.0680146e-09
   2542.8494 2.5561647e-08 -8.7200895e-09
   2761.9827 1.8969654e-08 -1.8890471e-08
        3000 9.4189758e-09 -2.3593184e-08