   84.446091 1.6741597e-08 3.4431231e-08
     91.4813 1.6671681e-08 1.8806006e-08
   99.102608 2.634194e-08 2.4148749e-08
   107.35884 3.8529439e-08 1.5478744e-08
   116.30291 4.3831772e-08 -2.8019664e-09
    125.9921 4.0490264e-08 -1.6195012e-08
   136.48851 3.2024683e-08 -2.6142308e-08
   147.85936 2.3911436e-08 -3.0092185e-08
   160.17754 1.835423e-08 -3.0842628e-08
   173.52193 1.2617582e-08 -3.0476112e-08
   187.97803 9.3359001e-09 -2.9876581e-08
   203.63849 5.729353e-09 -2.9887985e-08
   220.60361 3.8769765e-09 -3.0421031e-08
    238.9821 -9.1526864e-10 -3.2166675e-08
   258.89169 -4.7623039e-09 -3.2898182e-08
   280.45996 -1.0594882e-08 -3.2367783e-08
   303.82507 -1.714103e-08 -3.1542346e-08
   329.13675 -2.2596865e-08 -2.6401711e-08
   356.55713 -2.4328271e-08 -2.2566022e-08
    386.2619 -3.0700441e-08 -1.8972631e-08
   418.44141 -3.4773642e-08 -1.1285599e-08
   453.30176 -3.5224666e-08 -3.8207348e-09
   491.06631 -3.36968e-08 2.412696e-09
   531.97705 -3.079731e-08 7.3984441e-09
   576.29608 -2.7458578e-08 1.273428e-08
   624.30731 -2.3283553e-08 1.6396942e-08
   676.31836 -1.8796484e-08 1.7135948e-08
   732.66241 -1.498406e-08 1.9610313e-08
    793.7005 -1.1082385e-08 1.9676715e-08
   859.82373 -8.0960891e-09 1.8945636e-08
   931.45563 -4.9677138e-09 1.8667464e-08
   1009.0552 -2.6134896e-09 1.7873178e-08
   1093.1196 -1.9661918e-10 1.7611171e-08
   1184.1874 1.7077897e-09 1.6331319e-08
    1282.842 3.2540595e-09 1.5252281e-08
   1389.7157 5.1944564e-09 1.4246505e-08
   1505.4928 6.6112626e-09 1.3316726e-08
   1630.9155 8.582874e-09 1.2409979e-08
    1766.787 1.0874481e-08 1.1379838e-08
    1913.978 1.3382238e-08 9.796957e-09
   2073.4316 1.6259191e-08 7.3402688e-09
   2246.1692 1.8623165e-08  3.44171e-09
   2433.2976 2.1132657e-08 -3.3500798e-09
   2636.0156 1.9900929e-08 -1.3526241e-08
   2855.6221  1.12359e-08 -1.9827292e-08
   3093.5239 3.5685843e-09 -2.2111594e-08
   3351.2454 -7.8504243e-09 -1.9659677e-08
   3630.4377 -1.2021565e-08 -1.6645426e-08
   3932.8894 -2.1602887e-08 -1.2226623e-08
   4260.5386 -2.9360741e-08 5.9146537e-09
   4615.4839 -1.6350391e-08 2.3781194e-08
        5000 2.5499265e-09 2.7506257e-08