          40 -0.0023054595 -0.0028347548    35.566551   -46.251999   -1.2245678    2.7265284   0.36468136   0.08833804 0.0015857692 -0.00083816831    4.2147393   -2.1205657  -0.36667696  -0.45080209    30.424854   -16.054838
   43.640438 -0.0039320774 -0.0020121085    29.496458   -58.280365  -0.17940909    3.9868145   0.38967228  0.066143207 0.0015262845 -0.00093056262    3.9791129   -2.3398376  -0.62221128   -0.3184292    29.126965   -17.262337
   47.612194 -0.0063025281 -0.00070435338    23.182604   -72.238968    1.2426594    5.0639191   0.31246006 -0.039904758 0.0012110674 -0.00086988241    4.0174465   -2.6554794  -0.99738407   -0.1115066    28.143545   -18.698421
   51.945427 -0.0069163418 0.0024681464    13.972469   -84.110573    3.2489092    6.1015277   0.24560376  0.028352136 0.0019940115 -0.0011241874    3.8846035   -2.5581622   -1.0950841   0.39062062    27.009527   -20.412748
   56.673027 -0.0061659152 0.0061084228    -1.251846   -99.417664    6.3436065     6.978857   0.36029539  -0.23497346 0.0013292419 -0.0012332204    3.7722988   -2.8107383  -0.97535783   0.96630567    25.785151   -22.333178
   61.830894 -0.0031807576  0.010590885    -21.35445   -112.62885    10.585729    6.6645608 -0.0063447459  -0.64044434 0.0014637063 -0.0019048718    3.5782578   -3.0092783  -0.50155032    1.6722094    23.964148    -23.79707
   67.458183 0.0013846329  0.011853199   -48.756859   -120.74109    15.789593    4.1301203   0.24676087  -0.16264343 0.0010897735 -0.0011544041    3.7559052   -3.0804167   0.21843435    1.8702266    22.610126   -25.350901
    73.59761 0.0065115606  0.010469544   -83.079399   -121.08119    20.642807   -0.9736011   0.25839406  -0.37240914  0.001075804 -0.001610818    3.6831644   -3.5967245    1.0269067    1.6509807    20.151876   -27.172096
   80.295799  0.010047306 0.0066810055   -120.03513   -107.63719     24.03537   -9.4117002    0.1166857  -0.27418223 0.00049609953 -0.00078035798    3.2243767   -3.8843398    1.5841267    1.0533813     17.55954   -29.186787
     87.6036  0.011290357 0.0030771375   -149.91615   -79.008652    23.321123   -20.188082  0.053807605  -0.34274629 0.0010996272  -0.00116803    3.1262038   -4.6818218    1.7788768   0.48476762    14.678943   -30.540434
   95.576485  0.011245077 -0.00078405178   -172.82982    -42.75853    17.930092   -30.894962  0.032427698  -0.41461694 0.0010781484 -0.0015288501    2.5685439    -4.972322     1.773066   -0.1235801    10.969608   -31.520658
   104.27499 0.0099772103 -0.0037463757   -182.64572   -1.6074553    8.3898096   -39.892731 -0.019085174  -0.36872497 0.0009705773 -0.001112956    1.8087018   -5.2942209    1.5728834  -0.59094578    7.8563356   -32.855927
   113.76516 0.0084945466 -0.0057339845   -178.87558    41.317734   -5.3464375   -45.254169  -0.14386399  -0.23543717 0.00061726465 -0.0015831927   0.91907996   -5.5141129     1.335585  -0.90175068     3.724941   -33.380104
   124.11903 0.0068275402 -0.0086201178   -166.37013    78.904892   -20.390224   -45.881401  -0.24376634  -0.32763693 0.00071463746 -0.0020421322   0.11750649   -5.7891912    1.0759274   -1.3588078   -1.0718454   -33.290714
   135.41522 0.0055283667 -0.010287342   -144.07681    111.74194   -36.202415   -41.255257  -0.17520644   -0.2036465 -0.0002926022 -0.0018811431  -0.77244365   -5.6869488   0.87053359   -1.6201092   -5.7326269   -32.637218
   147.73949 0.0027294317 -0.012433779   -114.68313    135.51736    -50.35886   -31.036201  -0.21175636  -0.11375141 -0.00057897507 -0.001802819   -1.8542775   -5.5328236    0.4288159   -1.9540733   -10.668064   -31.326708
   161.18539 -0.0017533817 -0.013648406   -82.394241    156.41351   -62.658257    -15.73632  -0.20671366  -0.21035287 -0.00064019457 -0.0019718865   -2.8457508   -5.0676107  -0.27642071   -2.1493814   -15.749701   -28.899254
   175.85503 -0.0055676172 -0.014128449    -44.87793    171.10463   -71.459312    4.9626837  -0.22255874   -0.2123026 -0.0010601286 -0.0017153274   -3.7765007   -4.3116941  -0.87660354   -2.2240663   -20.979174   -25.566689
   191.85976 -0.010423697 -0.012156507   -5.5077052      172.493   -72.008591    29.570391  -0.25445738  -0.10892569 -0.0013599065 -0.0014101361    -4.584125   -3.2713842   -1.6398753   -1.9124433   -25.906862   -20.568401
   209.32111 -0.015102175 -0.0080434922    29.404932    166.38512   -62.343761    55.525528  -0.26985231 -0.056753002 -0.0014743633 -0.0010992311   -5.3341084   -2.1179149    -2.377795   -1.2665128   -29.588547   -14.179252
   228.37161 -0.019711319 -0.0035533537    64.016029    154.75253   -42.423428    79.956314  -0.46273956  0.012502684 -0.0018520327 -0.00073387835    -5.718401  -0.64372897   -3.0946116  -0.55784088   -32.167717   -7.2154346
   249.15593 -0.021872424 0.0048771193      95.2677    135.21359   -10.717004    97.341507  -0.52405965  0.018728901 -0.0020833649 0.00023069103     -5.62286    1.0220559   -3.4397523   0.76696235   -32.971119    1.9688143
   271.83185 -0.019780967  0.014575352    124.68174    113.24066    30.787104    100.53564  -0.65760678   0.19674715 -0.0019077652 0.00062793383   -5.0648503    2.6342006   -3.1244383    2.3021536   -30.595169    10.264345
    296.5715  -0.01322775  0.025392424    150.05206    87.668839    78.235901    81.295265 -0.040463913   0.90971327 -0.0015391376 0.0011348701   -3.7934499     4.266984   -2.0861702    4.0049191   -24.725153    20.070103
   323.56277 9.4831259e-05  0.034641404    192.45424    79.351295    106.05453    17.586708   -0.2300019    1.0072275 -0.0010077194  0.001567271   -2.1519685    4.9765358  0.015009033    5.4588799   -16.970205    27.042326
   353.01053  0.018870667  0.029726975    236.00861   -56.697701    103.12208    17.452526   0.16236149     1.175584 -0.00042455614  0.001840547  0.030418456    6.2297654     2.963022    4.6679502   -6.4597673    31.294689
   385.13834  0.034468044  0.017253866    202.56633   -131.75443    114.46215   -50.413174   0.81615388    1.0557033 0.00030650271 0.0018186971    2.7463608    5.2023363    5.4106388    2.7082787    6.7479396    30.868977
   420.19016  0.044403393 -0.0055076117    149.70364   -222.80498    74.565361   -112.24996    1.6372465    0.5121159 0.0010818492 0.0014870536    4.9230852     3.175467    6.9853678  -0.86606836    19.360886    24.845938
   458.43204  0.033737477 -0.032152798    33.421307   -298.31009   -2.8424869   -140.40161    1.6918805  -0.55625892  0.001616512 0.00079547166    5.2399936   0.18144935    5.3035188   -5.0543222    28.032936    12.579128
   500.15439 0.0046575656 -0.050489198   -138.18196   -305.08777   -88.403816   -114.65771    1.0473996   -1.6948655 0.0017835988 -0.00011905133    4.4662008   -2.6673639   0.73384047   -7.9548063    29.971268   -3.0040264
   545.67389 -0.031729538 -0.041662704   -326.98178    -188.6031   -140.42387   -32.102432  -0.32837164   -2.0346797 0.0014420371 -0.0010467625    2.1432092   -4.4620595   -5.0011158   -6.5664306    23.350492   -18.129776
   595.33618 -0.053730022 -0.0070801764   -406.01904    75.973145   -122.22256     66.43293   -1.6515635   -1.2402753 0.00053122186 -0.0016980373  -0.83517206   -4.2275085   -8.4455528   -1.1129702    8.0856037   -28.610832
   649.51831 -0.039909225  0.036527831   -258.50476    313.62033   -63.476505    128.68752   -1.5972739  -0.21937151 -0.00063493836 -0.0015261499   -3.4550152   -2.8952947   -6.2908969    5.7576747   -11.359533   -26.735937
   708.63159 -0.0075692465  0.057751726    46.439018    445.10913    53.537376    134.58717   -2.1787024    1.6371983 -0.0014516414 -0.00074051903   -4.4865651   0.39019325   -1.1938208    9.1082535   -25.745543   -11.880576
   773.12482  0.045770712   0.02756094    379.12683    305.36108     153.8168    47.452843   0.46693733    2.9751863 -0.0014930478 0.00048183932   -2.2788672    3.2229056    7.2118545     4.342669   -25.844664    10.335848
   843.48761  0.045072813 -0.020646691    516.25305   -153.50975     118.4585   -102.44396    2.5615029    1.1079425 -0.0006177614 0.0014419811   0.81678486     3.662782    7.1008334   -3.2522979   -8.8979864    25.200684
   920.25421 0.0046245661 -0.045479156    129.31903   -558.47552   -27.652969   -145.60532    2.1744478   -1.5208383 0.00078375282 0.0013773602    3.4686379    1.5296414   0.73022467   -7.1811671    15.018124    21.769375
   1004.0074 -0.037848175 -0.024570459   -469.85812   -367.74503   -135.40962   -39.067749  -0.29327509    -2.592129 0.0015551751 3.0050969e-05    2.9624164   -2.1769679   -5.9659152   -3.8730278    25.780891   -2.1290929
   1095.3831 -0.035270654  0.023931772   -510.18683    323.91113   -82.320518    101.99137   -2.4522099  -0.84039325 0.00069527538 -0.0013710135  -0.87864149   -3.5498602   -5.5487061    3.7649765     9.744709   -24.036734
    1195.075   0.01265724  0.040525436     188.2388    581.82794    66.874733    107.09325   -1.6837608    1.9560874 -0.0010600231 -0.0011464865   -3.7228141  -0.27708119    1.9911959    6.3756824   -19.163761   -16.539242
   1303.8398  0.040874992 -0.0044410313    600.83069   -100.44453    116.33258   -38.750397    1.4831953    2.7757766 -0.0014002305 0.00080729224  -0.69030768    3.7343233    6.4373527  -0.69932574   -20.618711    14.758164
   1422.5035 -0.00084589713 -0.041522074   -79.741142   -593.28918   -23.780895   -119.80629    2.7688611   -1.4017289 0.00069098955  0.001455431    3.5245492   0.78470165   -0.1328118   -6.5290155    12.616872    21.842375
   1551.9669 -0.042279154 0.0029754671   -579.78479    129.86189   -124.07473    26.105108   -1.5444822   -3.0111883 0.0014240327 -0.00078229798   0.26343882   -3.5389752   -6.6510792   0.46814793    20.439064   -13.293047
   1693.2129  0.011804548  0.041594543     246.9964    525.94794    52.300983    127.73026   -2.9847598    2.2382908 -0.0010580579 -0.001204147   -3.3570147   0.50169033    1.8594589    6.5524383    -16.69726   -16.714035
   1847.3137  0.037050344 -0.028597927    399.62643   -411.79782    106.58847   -105.88599    3.4300838    2.4396651 -0.00070748595  0.001365151    1.8674828    2.7878294    5.8163319   -4.4894915   -10.377281    20.881842
   2015.4396 -0.047249895 -0.015723636   -566.55176   -138.14044   -163.38689   -27.404728  0.089171693   -4.8904467 0.0014171246 -6.0593113e-05   0.99043691   -2.7017918   -7.4300642   -2.4726012    22.561106   -0.9555769
   2198.8665   0.02593087  0.044739775    282.85995    530.54266    111.22906    131.80087   -4.2181993    3.6229284 -0.00086249562 -0.00099278323    -2.425813    1.0654978    4.0643001    7.0122814   -14.733882   -16.186068
   2398.9875 -0.0016993266 -0.051439889    65.711044   -637.02942   -37.122528   -162.13689    6.3499613  -0.72193998 -3.7762235e-05 0.0012975795    2.4434924   0.69146496  -0.26715603   -8.0892591    1.0860076    21.245129
   2617.3215 -0.012737394  0.046047091   -280.02255    603.12543   -8.6592302    150.32361   -7.1316953   -1.6533376 0.00065842102 -0.001168641   -1.9250792   -1.5551412   -2.0042367    7.2455759    7.8867846   -19.895786
   2855.5266  0.015334317 -0.039545309    327.49966   -587.60791    20.014969   -132.85692    7.9824414    2.2403524 -0.00091865525 0.0010724514    1.5933832    1.9023135    2.4176552   -6.2358618   -11.235765    17.740831
   3115.4106 -0.0091506885  0.037604284   -208.82108    633.51019   0.21589993    122.51744   -8.6176434   -0.1056087 0.00079725479 -0.0011494354   -2.0274029   -1.5865387   -1.4417146    5.9261112    9.5038452   -18.003487
    3398.947 -0.0065395664 -0.034303542   -114.91152   -660.19116   -54.458576   -102.38506    7.4552746   -3.9080091 -0.00026606716 0.0013689742    2.8495395   0.46541327   -1.0316832   -5.4111176   -1.9363118    19.668554
   3708.2886  0.025430668   0.01182629     617.2218    368.73413    118.81092   -4.2934999   -1.6341033    8.2380581 -0.00051232008 -0.0013497166   -2.9404149    2.0167387    4.0216889    1.8703184   -10.372231   -15.479548
   4045.7834  -0.02355626  0.010730694   -501.81055    465.67899   -29.942518    75.998764   -6.6013818   -5.2661223 0.0013527378 -1.5114774e-05    -1.659067   -3.4743171   -3.7129469    1.6913441    17.772221   -2.3689504
   4413.9937 -0.001467666 -0.020266641   -503.82614   -352.29523   -35.936375      -3.3829    4.4840345    -5.727891 -9.932094e-05 0.0012785094    3.1091704   -2.7778227  -0.23223847   -3.2082162    0.9355731    16.142763
   4815.7158  0.028710745 0.0075568655    -9.801054   -442.21912    15.909173    6.4768853    5.2855806    2.8712556 -0.0012005079 0.00031847626    5.6234269   0.16356814    4.5430303    1.1960573   -13.724449    4.4245801
   5253.9985  0.031420648  0.023830736    152.16634    -222.0916    25.405787    45.640282   0.47774598    6.5808372 -0.00098561752 -0.00056179799    3.5411961   0.96751112    4.9804711    3.7772667   -11.020981   -6.6234074
   5732.1699  0.033379667  0.028397167    125.78082   -87.955307    33.237923    59.962879   -1.7696905    7.8950806 -0.00067930639 -0.00071802194    2.8083479   0.79859382    5.2815862    4.4932513   -7.1368117   -9.5265007
   6253.8599   0.04106044 0.0091599636    85.378258    -52.33511    61.611908    37.872612     1.713089    9.0747414 -0.00083885354 -0.00049762987    2.1941524  -0.46203405    6.4928708    1.4485165   -7.6100206   -7.5133967
   6823.0298  0.025497209 -0.031410269    43.487259   -84.001137    60.428596   -39.790016    9.7480564    3.0083411 -0.00072939735 0.00015906208   0.49603704    -1.709769    4.0266991   -4.9607038   -9.1843977   0.76265609
        7444 -0.034229707  -0.01338418   -90.426369   -47.806931   -53.772518    -40.62479  -0.34216803   -10.496593 0.00010927912 0.00063513214   -1.4530145  -0.16340941    -5.422327   -2.1201158   0.13106468    7.1485605