          40 -0.00085005059 0.00043115992    43.671741   -45.330711   -1.9733881    2.4086869  0.027542531  0.073181212 0.0050441604 -0.0077226111   -41.839493    21.519667   -134.51886    57.012672     30.83396   -21.138273
   43.640438 -0.00048354681 0.00077775924    44.310658   -72.515099   -1.3781087    5.5635166  -0.79798537   0.36503118 0.0018429498 0.0055065467   -41.229679    23.610296   -128.87378    65.759254    27.337204   -17.817209
   47.612194 -0.00053050637 0.00074767746    45.143719   -88.847725    2.4671474    7.6840019  -0.25822178   0.11749646 -0.039510492 -0.011135793   -29.303343    31.103661   -107.51383    90.273445    36.521309   -16.494104
   51.945427 -8.6999869e-05 0.00096497504    44.571533   -124.32821    3.3759472    8.9270477   0.76971638   0.41143003  -0.08772824  0.089245856   -37.380322     21.67717   -108.23299    72.229073    28.415133   -20.339792
   56.673027 0.00070037204 0.0010786335     23.14422   -136.74565    2.9614241    13.156082   0.82819706   0.12757541 -0.00083807576 -0.0097175362    -35.84911    33.105904   -108.69469    89.522675     22.77314   -17.925879
   61.830894 -0.00045834671 0.0005134992    14.650701   -160.95589     13.73148    13.758524    -4.088397    2.6753924  0.037473414  0.092092335   -45.500568    30.173018   -129.48155    78.654114    21.017265   -23.050653
   67.458183 0.0017885203 0.0013641202   -34.968166   -190.32224     18.92219    12.807454    1.1469402 -0.053153228   -0.0224653 -0.0053833309   -33.808765    31.232681    -104.6626    94.092842    19.698874    -27.71841
    73.59761  0.002600461 0.00015572681   -94.397095   -204.95596     29.89666    7.3087387   0.94319779   0.27168152 -0.031286646  0.032574005   -31.189762    31.388964   -95.574165    93.489532    21.378553   -23.198051
   80.295799 0.0031834908 -0.0015546764   -166.52698   -199.14087    38.834438   -3.7582603  -0.24751343  -0.63076419 -0.082182854 0.00010394578   -21.954689    45.243771    -66.64846    121.51741    15.587214   -27.205904
     87.6036 0.0020313675 -0.0034645393   -244.91707   -165.13791    44.547379   -21.536398  -0.15242045  -0.65342772 -0.062252477  0.034038123   -23.893616    36.515003    -85.30571    108.14297    13.772405   -33.765694
   95.576485 0.00021614633 -0.004102218   -305.84933   -76.131401     37.86657   -44.697319  0.017864039  -0.79949427 0.0042492202   -0.1037169   -22.303604    58.560429   -80.106834    159.75166    13.519711   -29.735586
   104.27499 -0.0018433562 -0.0042415401   -306.19226    2.5703232    20.759584   -61.010994   0.78137678  -0.49197677  0.015175464  0.074412301   -16.276735    43.305405   -56.027214    114.76143    5.2163062   -32.123589
   113.76516 -0.0039288877 -0.0023156276   -304.63556    96.710503  -0.89505923   -72.450813 -0.066092223  -0.75698745  0.035642914  0.027413735   -10.339797    48.978153   -52.515808    132.26814   -1.7329993   -34.750305
   124.11903 -0.0045254454 -0.00017761078   -268.77295    171.97943   -26.727262   -73.549377  -0.65214372    -0.179823 0.0025732841 0.0057793176   0.70037258     40.18235   -21.810389    127.21426     3.147598   -35.138744
   135.41522 -0.0036165877 0.0012954586   -203.19989    211.66269   -52.998585   -62.908291  -0.17737833  -0.40578958  0.013869566 0.00036410859    6.3018389    50.102627   -5.5881958     145.4744   -10.954044   -31.576721
   147.73949 -0.0024592492 0.0021963979   -145.70462    241.96574    -73.01152   -47.608192  -0.55621356  -0.34926197  0.020613123 -0.0042597027    13.834387    52.715481    11.546824    152.15752    -10.47047   -31.018093
   161.18539 -0.001506501 0.0024803781   -78.716713    261.50757   -92.696129   -23.939945   -1.1284132  -0.48641881  0.011198173 -0.0040812027    25.769888    48.943867    37.815212     148.2144   -17.680454   -29.480215
   175.85503 -0.00065818726 0.0028137832   -12.961888    264.37848    -105.1791    10.065677  0.089944527   -0.6115846 0.0070304922 -0.018020447    35.125381    44.752861    66.231918    147.68756   -19.442369   -24.767994
   191.85976 0.00051463337 0.0028513614    45.665932    248.82692   -101.72322    43.452805     -0.36967   0.56735975  0.004559285 -0.016491681    43.999939    35.762897    93.936775    132.81898   -30.124229   -19.002872
   209.32111 0.0013480762 0.0023964574    94.822891    214.79839   -86.520401    80.256195   0.20770107   0.76289856 -0.0066610901 -0.0013975519    49.541466    22.304462     116.2121    104.72859   -28.544291   -16.701401
   228.37161 0.0020224657 0.0014031285    133.50114    176.92412   -55.830585    114.55864   -2.2181535   0.75613624 -0.010076994 -0.010148949    54.633408    8.6892862     144.0769     81.19297   -33.801605   -9.1636486
   249.15593 0.0021877571 0.00043749402     162.4249    137.55991   -10.791957    137.60869  -0.03070743 -0.096029446 -0.010946632 -0.00098786189    57.285591   -7.6102147    165.58504     40.26577   -31.271994    1.3167679
   271.83185 0.0020340702 -0.00027184645    173.20763    105.47644    48.469009    139.57285  -0.93500525 -0.085011922 -0.012127806 0.00086333038    50.369865   -23.835094    173.03615   -5.0206871   -29.515743    8.3850212
    296.5715 0.0016442968 -0.00072545826    181.83044    80.131042     114.4545    108.70209   -1.4126549    1.2860346 -0.0094746966 0.0024439336    39.816223   -40.785404    167.56586   -61.767857   -24.604454    22.247307
   323.56277 0.0015208749 -0.00083547266    230.95772    103.48354     147.1824     17.33687  -0.20184028   0.96631765 -0.010025872 0.0024131548    20.667006   -50.681911    135.70401   -113.85676   -18.007404    25.921463
   353.01053 0.00082906417 -0.0026455154    288.69092   -107.97018    142.86086    18.241062    1.2317687   0.20511205 -0.0088700866  0.014352936 -0.068054244   -60.402393    87.381226   -161.91774   -3.9291103    28.928913
   385.13834 -0.00076525664 -0.0019774183    238.90413    -173.2299    153.01425   -74.422935   0.74303168    1.0904151 0.0032574267  0.014367989   -25.820221   -52.298363    18.955643   -187.34871    6.0612912     31.86343
   420.19016 -0.0016066463 -0.0011405804    162.13727   -270.09476    87.879097   -153.39175    1.5024769   0.62354851  0.007495896 0.0092736082   -47.178978   -31.713371   -68.283333   -171.79768    14.187637     22.69915
   458.43204 -0.0018770935 -0.00010063437     40.03957   -362.87527   -11.077945   -187.20335    1.8710642   0.43435225  0.010569073 0.0037659532   -56.358791   -3.5163231   -142.23409   -127.13519    27.053122    12.178578
   500.15439 -0.0014903398 0.00099579303   -175.55083   -385.54465   -129.50484   -144.29396 -0.082247503   -1.4019231 0.0090416186 -0.0038727829   -46.549679    27.149361   -188.64384   -33.059162    25.277668  0.062107291
   545.67389 -0.00046579039 0.0014413632    -407.4498    -233.8244   -189.42685   -32.036461  -0.17171879   -1.9617506  0.005679009 -0.0067554158   -21.788727    45.334499   -171.39204    72.281639    19.523245   -15.722589
   595.33618 0.00049752468 0.0013077824   -520.98761    99.718094   -156.11809    98.536766   -1.4786177   -1.6772681 0.00041418118 -0.0084649315    10.174377    49.906498   -100.68822    161.43736    6.9138603    -24.14053
   649.51831 0.00047328541 0.00077950995   -320.24472    413.22675   -70.154129    170.36401   -1.5554553  -0.77212393 -0.00059630256 -0.0054051769    39.783039    29.864082    24.071341    192.49498   -10.800574   -26.348726
   708.63159 0.0012848219 0.00092035078    70.174347    563.58679     82.72982    167.63499   -1.8021697    1.7111079 -0.0042578569 -0.0084081478    46.429741   -8.0637474    146.95972    123.31399   -24.762453   -10.893028
   773.12482 5.308451e-05 -0.003178461      489.237    386.24417    203.82037     48.46096   0.24659123    2.5665078  -0.01003288  0.016118275    21.229931   -39.365517    190.74763   -25.843164   -23.816025    8.3733559
   843.48761 -0.0018644379 -0.00033680606    662.81079    -193.8929    145.00557   -142.05942    2.3521583    1.1003265 0.0081392014 0.0079344735   -16.808184   -37.422363    101.41296    -157.4341   -9.0531158    21.845886
   920.25421 -0.00038466987 0.0011463183    160.60155   -729.79742   -50.524929   -186.63266    1.9642848   -1.2123642 0.0059167803 -0.0040415879   -38.519829   -8.3375044   -72.184135   -177.38261    12.529961    17.476217
   1004.0074 0.00067847513 0.00024521787   -606.26477   -476.72235   -178.31305   -37.493073   -0.1425686   -2.5036411 -0.0021532448 -0.0037082126   -25.789007     28.58066   -188.93523   -30.067282    18.797762   -4.2170744
   1095.3831 -0.00010263808 -0.00045568499   -651.99597    426.17691   -97.125435    137.60789   -2.3131945   -0.3421663 -0.0014345377 0.0023701075    15.661604    33.486053   -105.13271    159.09665    8.1289101   -17.257801
    1195.075 -0.00027504517 0.00042873615     250.3965    730.23737    94.349632    128.31999   -1.3510156     1.828583 0.0029693223 -0.00052600732    35.506008   -6.4233456    114.48814    148.82996   -19.966568   -15.453082
   1303.8398 0.00080141419 0.00017086098    770.80316   -151.40837    138.29318   -57.924126    1.1134079    2.3409276 -0.0021433244 -0.0043385644    2.1839254   -36.540943    170.91412   -83.563774   -19.133297    14.896625
   1422.5035 -8.7168941e-05 -0.0011375811   -118.00333   -761.59271   -38.596504   -146.17366    2.7256114   -1.2447397 -0.0053548487 0.0041208728   -35.622402   -3.0977004   -70.347641   -181.94295    9.3151999    20.756765
   1551.9669 -0.001299018 0.00067565759   -733.48511     179.9599   -153.72617     38.90884   -1.4327956   -2.9097829 0.0070717707 0.0049038008    1.4518695    36.507469   -176.37035    77.608421    16.200663   -7.5257053
   1693.2129 0.0015090283 0.0009453643    322.29114     648.1944    70.040192    158.98981   -3.1093881    2.3580406 0.0017947668 -0.010194184    34.776558   -9.3539772    108.72545    157.43028   -14.271057   -17.994452
   1847.3137 -0.00037318299 -0.0019681922    479.17685   -508.75443    131.08696   -138.81396    3.6952426    2.2984741 -0.010408709 0.0051368047   -23.915665   -24.810452    105.15201   -152.07224   -9.0108604    20.455929
   2015.4396 -0.00088094932 0.0019160293    -696.8609   -160.91672   -207.95537   -28.957457   0.21591939   -4.9683495   0.01164182 0.0033946368   -7.1915488    32.283394   -181.76492   -12.577557    17.250874   0.98197067
   2198.8665 0.0013815189 -0.0013499573    338.02145    666.10266    142.74083    163.96283   -3.8968906    3.6965828 -0.0078174537 -0.0078107468    25.078928   -13.613297    103.93617    141.54324    -15.58107   -17.703856
   2398.9875 -0.0011643344 0.00084398262    116.72108   -786.80188   -51.614166   -207.39557    5.9957428  -0.92843235  0.003808856 0.0071964664   -26.269978   -2.5168974    7.0429845   -173.39259    2.6205666    15.317044
   2617.3215  0.000545836 -0.00038781401   -386.28647     749.9436   -4.4463272     194.4097   -6.9291348    -1.494771 -0.0011579521 -0.003593324    22.266373    15.621111   -79.876892     157.3235    7.7243733   -18.832045
   2855.5266 -0.00019613402 -9.9013647e-05    464.91455   -731.30304    17.548111   -177.08063    8.1143694    1.7622265 -0.0010010583 0.00068057957   -19.968031   -18.229839    104.25872   -141.11935   -14.696762    12.178421
   3115.4106 0.00057326222 0.00057248259   -313.47519    808.82343    10.347049    161.79787   -8.6727047 -0.069350727 0.0044387253 -0.00035986176    24.593651    16.255241   -86.798988     147.9642     4.886095    -17.94663
    3398.947 -0.0012968754 2.6179248e-05   -96.966263   -878.48322   -84.185066   -134.12988    7.4113989   -3.9481156 -0.0055971872 0.0042604916   -31.130554   -3.9443777    20.929817   -167.96391  -0.37092823    14.388621
   3708.2886 -8.2474864e-05  0.001251713     804.4411    557.10889    174.98128   -23.310211   -0.8705911    8.8570948 0.0019975968 0.0064434917    22.945768   -22.757439     97.47728    137.60252   -9.4953146   -14.367142
   4045.7834 0.0010553782 0.00038073951   -715.02991    631.58234   -16.098606    119.87175   -7.2402954   -4.7216973 0.0057197455 0.0016800662    17.612951    33.529541   -159.01091    27.158234    17.091722  -0.57669747
   4413.9937 4.1540757e-06 0.0009216934    -730.2243   -450.33621   -51.014977    32.293617     3.114913   -6.2675247 -0.0013494146 0.0046549095    -24.21254    24.566561   -21.802162   -143.70319    5.0001874    19.857033
   4815.7158 -0.00080715085 0.00045469051   -59.349522   -565.04742    5.7598162    24.812227    4.4189692    1.6784948 -0.0048151482 -0.00086856593   -22.752708   -2.5770371    112.21427    -52.20372   -7.1020412    3.6565692
   5253.9985 -0.00095002621 0.00011737888    172.88501   -279.54337    19.092241    58.078842 -0.032558709    5.5762177 -0.0025896749 -0.0044096871   -9.5101194   -10.563588    101.65784    44.050518   -1.5251263   -8.6624136
   5732.1699 -0.00077332964 0.00035782729    151.69858   -102.94193    33.013905    73.509399   -1.5466146    7.1980028 -0.0013499334 -0.004588569   -2.9714184   -7.5020518    75.516068    66.827209    1.1159371   -6.8860569
   6253.8599 -0.00022302731 0.00068970711    109.16436    -58.03463    69.219521    49.232517     2.017055    8.3608561 -0.0019112747 -0.0039650328   -2.0041232   -4.2155809    87.143188    42.303646   -11.071394   -4.4414821
   6823.0298 0.00061548833 0.00010935852    62.611446   -99.452477    71.921432   -41.064545    8.6651735    2.5394459 -0.0039540394 -0.0010254777   -3.1540463   -2.3830597    78.684052   -41.935024   -11.636716    3.0593512
        7444 -0.00037731751 3.992048e-05   -113.14098   -70.696007   -61.476227   -50.764599  0.099667549   -9.4208908 -0.00083634979 0.0032300083   -5.1817751    2.7248487   -51.785652   -63.859844    4.7974997    2.9349811