          40 -0.00016185123 -0.0007486479    33.388607   -47.846558  -0.91772628    4.4488993    1.7409122  0.091868579 5.0599796e-05 -0.0027475769    35.401863   -20.381449    105.28694   -60.811523     33.57019   -9.8635244
   43.640438 -0.00033346433 -6.3137459e-06    29.754597   -55.792099   0.43448341    3.8412256   -4.9778895    -4.987545 -0.0048350128 -0.0002826156    35.585247   -19.618803    103.49812   -49.475922    28.357742   -18.917837
   47.612194 -0.00041314791 0.00019836909     26.45237   -73.046616   -1.3621416    6.2666106     2.472394    7.4469266 -0.012386164 -0.019050416    32.943199   -27.148893    108.78056   -70.433601     24.86483   -19.327438
   51.945427 -0.00021128955 -0.00014856216    19.372374    -91.45015    3.4773221    6.7063684    2.9578669     8.155158  0.021708794 0.0057681589    31.725746   -23.897966    100.20655   -61.336666    25.759613   -20.859324
   56.673027 -0.0010167545 0.00012488877   -2.8443694   -113.99611    7.9615731    6.6836319   -1.8849277    5.0800891   0.02068465 -0.013720988     36.28801   -27.652309    107.12437   -73.774048    23.270164   -18.055744
   61.830894 0.0018508916 -0.00043020915   -11.299662   -108.43412    12.620093    8.6670055   -33.299244   -31.445257 -0.0028145986  -0.05383528    30.255695   -31.331991    101.02776    -86.55146    18.733932   -26.503527
   67.458183 0.00099689432 0.00050994963   -58.992817   -127.42407    16.859945    3.8714976    2.0567338   -4.6644692 0.0074780043 0.0066693644    28.567362   -29.340759    86.452988   -78.491318    19.672604   -24.611656
    73.59761 0.0015304607 -0.00010875012   -102.64688   -128.29738    23.355648   -1.7590359   -1.5595013   -5.4790063  0.026517631 -0.013740475    28.936001   -32.772327    84.703453   -90.238503    21.889769   -29.582991
   80.295799 0.0016970211 -0.00090557552   -137.69176   -110.79479    26.587646   -11.851834   -1.1721772   0.28968909 -0.017919552  0.040231701     20.99901   -28.466358    63.326214   -80.584724    15.599778   -25.630653
     87.6036 0.0011625667 -0.0019258987   -177.52422   -82.022835    25.706259   -24.994009    1.3096589   0.36906007 0.0093066748 0.0095730415    19.594761   -35.444881    67.269463   -91.701385    14.129653   -33.264576
   95.576485 -0.00019607562 -0.0022264458   -195.69206   -42.646832    18.423716   -36.260464    2.6365907  -0.48357105  0.040456824  0.021913605    25.213217    -35.84671    71.969818   -88.898201    12.630836   -26.411257
   104.27499 -0.001385938 -0.0018520623   -202.00758    13.040356    7.1830177   -46.266567  -0.82939601   0.27717489 0.0016622727 -0.0031164931    13.599363    -35.91964    51.104446   -101.81777    11.278718    -29.14086
   113.76516 -0.0021718051 -0.001025429   -211.68312     64.52417   -9.0328474   -49.985928   -0.2111928    1.1182168 -0.0071434472 0.0073191947     10.19078   -40.542706    38.179428   -108.07001    4.9257784   -31.563728
   124.11903 -0.002621525 0.00022280851   -178.58723    103.61227    -25.97298   -48.948238   0.81005001  -0.38341025 -0.024192406  0.023484189   0.17970763   -42.490879    15.343149   -111.28409   -4.5490928   -29.108942
   135.41522 -0.0017174167 0.0010887746   -151.75073    131.05026   -42.515228   -41.775986   0.28131595   0.12796693 -0.012072821 0.0072362837   -5.4982243   -45.311146    4.7924004    -123.6377   -3.8591466   -33.706154
   147.73949 -0.00095641142 0.0015716607      -116.09    165.47588   -58.773994   -30.628471 -0.033145476  -0.01717904 -0.0048669009  0.012962908   -13.005612   -42.332695    -13.43386   -122.20071    -15.62086   -27.937212
   161.18539 -0.00031568346 0.0015447412   -76.562614     182.9362   -71.666023   -13.621193  -0.23840985  -0.32030365 0.0030845229 0.0084020952   -22.697731   -41.100727   -33.206165   -121.69815   -16.031225   -32.870731
   175.85503 3.8661456e-05  0.001417423   -36.422558     186.5265   -73.584534    12.173509   -1.1710227   0.16569377 -0.0010059795  0.010813038   -32.136383   -34.342709   -59.857407   -111.43529   -23.083874   -25.084991
   191.85976 0.00044849637 0.0013939865    4.8308415    189.69673   -77.578636    36.926819  0.020355539  -0.22131267 -0.0013717673 0.0084278453   -38.251221   -28.965157   -77.969742   -106.91756   -24.356192   -16.332773
   209.32111 0.00090809533 0.0011315299    38.826168    180.26126   -63.981083     65.28611  -0.11107133   0.17120348 0.0013885325 0.0085288966   -44.462425   -18.183023   -102.71665   -88.273697   -30.125586   -13.312836
   228.37161 0.0012609831 0.00055322162    76.940666    161.97083   -41.022438    90.012726  -0.79658401    1.1017054 0.0082147038   0.00576133   -46.922729   -4.4909205   -119.23283     -61.4193    -28.66456   -4.2453461
   249.15593 0.0012456088 -7.2903909e-05    110.13301    142.27536   -4.1168103    107.71981  -0.36836946     0.501926 0.0054635941 0.0014258472   -48.545616    8.2282763   -137.10957   -28.014267   -29.752134    2.7361538
   271.83185 0.0010186527 -0.00054078136    139.06696    121.53544    41.140217    105.45001   0.22280361   0.43339178 0.0072509055 -0.0014662567   -42.951229    23.650425   -143.45288    11.759362   -29.156513    13.054572
    296.5715 0.00052495103 -0.00077521394    168.25128    90.412148    92.049263    81.627388   0.69497961    1.8129379 0.0035839155 -0.0045585413   -32.864731    35.501278   -134.76813    57.533714   -22.607082    20.022816
   323.56277 0.0002095372 7.5835887e-05    217.23254    90.615112    115.76732    12.695234  -0.36536321   0.71579772 0.0015407276 0.00050621619   -17.464857    43.818272   -107.71663    97.734741   -16.402719     26.20491
   353.01053  0.000470511 -0.0015312999    266.76514   -71.765053    112.67209      14.0812   0.14441949   0.73283881 0.0046698549 -0.0077713248   0.76550585    52.168068   -68.295845    136.26199   -11.862574      32.7672
   385.13834 -0.00048196252 -0.0010670074    224.76662   -155.48822    119.23686   -62.740498 -0.060169876   0.87504035 -0.00072023046 -0.0062173852    23.999128    42.995617    -4.197803    151.30927    7.8205771    29.441658
   420.19016 -0.0010668883 -0.00046551126    176.46732   -258.24414    79.886604   -124.62231   0.64054316   0.22133507 -0.0050915312 -0.0042662676    40.139652    28.513435     56.86512    144.92528    18.410244    27.065903
   458.43204 -0.00083691778 0.0002414753    25.682352   -328.95999   -9.5737801   -149.63135    0.7607075  -0.14754137 -0.0049392935 -0.0002396979    47.637428    2.5263565    119.58772    94.263657    25.360527    13.438868
   500.15439 -0.0004465518 0.00061334617    -167.2933    -339.5542   -101.09287    -116.9125    1.0394558  -0.46562913 -0.0030369305  0.002381704    39.386627   -22.456882    151.45013    20.704714    33.435349   -4.6476531
   545.67389 -1.0104701e-05 0.00066720723   -369.99255   -199.34938   -150.40659   -24.697031    1.2771361   -1.6364715 -0.0014409715 0.0034785748    18.573605    -39.09927    133.78195    -65.18277     21.72056   -17.632427
   595.33618 0.00037900769 0.00050534564   -451.81845    96.794014   -125.81915    75.301056  -0.55742043   -1.9685707 0.0008063874  0.003325545   -9.3015652   -41.436424    72.984741   -130.78296    12.668307   -29.996624
   649.51831 -1.1808737e-05 0.00033210922   -274.93271    361.59167    -57.40797    137.30014   -1.9014127  0.043909438 -0.00079207611 0.0016491605   -34.746212   -24.749109   -29.968864   -147.63202   -6.2640772   -26.340063
   708.63159 0.00052713475 0.00083448662    72.819572     494.4632    61.943993    138.78136   -2.4983296  0.059318986 0.00045340057 0.0055541801    -41.56496     7.097744   -121.11485   -88.875465   -25.764751   -11.504613
   773.12482 -0.00033729075 -0.0022006095    441.25977    322.52924    163.57074    40.525822   -2.0055976    2.6204176 0.0046224347 -0.011699218   -18.499346    32.878193   -143.19109    28.497158   -23.194984    10.986681
   843.48761 -0.001383271 0.00018828352     578.3324   -182.84608    125.07132   -114.16878    2.9973574    3.8463821 -0.0071560708 -0.003437852    13.178753    33.834988   -75.152458    127.59763   -8.7654247    29.596718
   920.25421 0.00010989842 0.00097449741    128.72253    -625.9245   -36.126495   -154.07527    5.5965128  -0.99034375 -0.0028331149 0.0048221801    33.832455     7.595871    60.491413    129.81554    16.927221    19.796562
   1004.0074 0.00073187781 -0.00014268732   -524.03448   -395.51431   -144.86154   -35.608665  -0.47225028   -5.0619435 0.0037066024 0.0020392751    21.981119   -25.467672     141.5318     15.15049    24.390478  -0.37821278
   1095.3831 -0.00026424584 -0.00060503691   -568.07178    361.35834   -84.254555      111.263   -5.2003913  -0.69332427 0.0012701129 -0.003498846   -14.282169   -29.858753    73.016327   -122.25782    12.159177    -23.88937
    1195.075 -0.00051900028 0.00046945043    214.24829    635.11505    74.460304    111.97977   -1.5083435    3.0789375 -0.0039134002 -0.00037855969   -31.891836    5.8799448   -90.540863   -108.59894    -17.79034   -16.387411
   1303.8398 0.00069993682 0.00037216776    666.40021   -121.99284     119.4717   -47.674976    1.9489976    4.1711602 0.00076713454 0.0043667257    0.4008576     31.97773   -126.40098     67.89341   -18.236637    14.549624
   1422.5035 0.00012929134 -0.00093711686   -98.514244   -665.16858   -30.151245   -127.54575     2.720001   -2.5557077 0.0047745439 -0.0022638093    33.060871 -0.030260963    56.413475    133.11806    13.205232    19.614397
   1551.9669 -0.001079478 0.00038274101   -640.29639    156.06154    -130.1797    32.791313   -2.7592905   -2.5714707 -0.0046707089 -0.0043279142   -2.7689745   -30.507057    125.36976   -61.559612    15.442801   -16.272762
   1693.2129 0.0010194132 0.00078454224    269.45584    583.53479    60.943684    132.63861   -2.5329435     2.875536 -0.0019068919 0.0068549043   -27.831442    12.152897   -83.448944   -110.43182   -13.439211   -16.766396
   1847.3137 -0.00024689047 -0.0013984266    439.63956   -459.30618    108.19421   -116.37441    3.4453878    1.3244908 0.0070516681   -0.0033509     20.99913    19.327553   -71.078651    113.83432    -8.140872    18.926884
   2015.4396 -0.00050372549 0.0013421903   -629.18884   -146.41031   -174.92352   -22.775843  -0.47888237   -4.4863672 -0.007643288 -0.0016358431    3.9262686    -26.19696     130.4248    5.6144629    21.434893   -4.6265154
   2198.8665 0.00078429061 -0.00099794089    308.34714    598.56506    121.90529    136.89856   -3.8532507    3.1570523 0.0054451795 0.0041842922   -19.498945    13.244291     -75.3283   -101.81583   -13.480122   -17.997507
   2398.9875 -0.00057448854 0.00067012548    86.844284    -702.1076    -44.36385   -173.59056    5.6498017   0.10774826 -0.003141443 -0.0035619787    23.105017    1.4176308   -4.0920477    125.67001    1.6038254    15.482907
   2617.3215 0.00016187517 -0.00036384084   -332.31793    655.62366   -5.5664072    167.95792   -6.4876752   -3.7909987  0.001588257 0.0014005663   -21.215002   -10.340446     58.77536   -112.99408    5.4961944   -19.951458
   2855.5266  6.59246e-05 -5.686545e-05     405.5733   -642.56519    16.193054   -151.16029    10.413484    6.2164702 9.7456206e-05 0.00045071778    18.558704    14.965194    -78.19796    101.17744   -7.8328156    11.384933
   3115.4106 0.00020858424 0.00043798197   -272.60599     711.8598     11.11662    139.41051   -12.732882    1.3143995 -0.0024276865 -0.00064934272   -22.340219   -11.965192    65.146179   -107.72717    6.4526944   -24.295376
    3398.947 -0.00078927522 -9.5703581e-05   -87.322861   -778.61731   -74.534607   -112.97948    8.0139856   -5.9858084 0.0035636299 -0.0019995982    27.363012   0.31857499   -17.990122    123.08916   -6.7926927    17.144299
   3708.2886  -0.00104067 0.00093868515    713.77588     486.5676    149.50528   -22.549536  -0.83488071    8.8040533 0.0032388128 -0.0063274181   -20.269318    21.092421   -69.881355   -103.64802   -10.366881   -13.640494
   4045.7834 0.00055734662 0.00015810464   -642.24878    548.97943   -14.381489    105.27794   -6.6319022   -5.6273675 -0.0028416063 -0.00062531012    -17.00186   -28.392553    119.84104   -18.659538    20.931599    1.1033251
   4413.9937 -2.9835359e-05 0.00045455419    -630.0705   -420.98944   -50.447006    25.445343    4.4027286    -6.241868 0.00080367678 -0.0021568181    24.129559    -24.34549    15.879086    110.94264    5.2848849    14.830056
   4815.7158 -0.00042979335 0.00013401454   -36.605621   -521.48816   -3.1085014    17.817978    5.5113964    2.3078859 0.0020856583 0.00084648182    30.095068    1.7863865   -82.488564    45.828403   -15.091289    6.0707302
   5253.9985 -0.00048222521 -6.2561761e-05    164.64986    -261.1496    12.578914    45.648018   0.81439704    7.4149947 0.00068593177 0.0023648606    16.870205    9.8838558   -74.623581   -27.240728   -7.6154809   -7.6444855
   5732.1699 -0.00040994617 0.00015664377    142.83606   -97.968269    27.510195    60.540764    -1.702883    8.1256161 0.0005045947 0.0022718986    10.746898    7.6997237   -54.604408   -45.604149    -4.150229   -10.935137
   6253.8599 -0.00015945717 0.00034200615    102.18378   -57.404568    58.914177    40.282066    1.3841287     9.261199 0.00069356425 0.0020501639    7.1850104    2.4765344   -60.168774   -27.732357   -1.4977793   -11.795514
   6823.0298 0.00031818505 8.0893835e-05    50.594723   -96.320618     60.86832   -37.853935    10.004336    3.6384051 0.0019168822 0.00065582531    4.6103835   -2.2563636   -54.480961    28.255648   -8.7651749     1.069705
        7444 -0.00018917264 -5.0716003e-06    -102.9131   -57.115051   -52.633617   -41.330196 0.0015079087   -11.079438 0.00058631453 -0.0014723439  -0.98275745   -3.2012522    33.634701    45.463871  -0.97504485    9.9016848