          40 -0.0051094983 -0.0007750853    15.391652   -29.277409   0.39191931    1.8721418    1.3701727   0.21254598  0.001113198 -0.00095754489    5.8962193   -2.6655812  -0.90582466  -0.13431561    31.531958   -16.357006
   43.640438 -0.0068756919 -0.00092585915    12.342614   -32.058537       2.2816    2.2119725    0.7717253  -0.19413859 0.0012596534 -0.0011463058      4.83076   -1.8698378   -1.2091432  -0.16074258     30.42868   -19.929716
   47.612194 -0.0043472634 0.0027473606    2.1009502   -41.242031    2.4051676    4.2487798   0.47619376   -0.9146437 0.0012117834 -0.00076624384    4.6893706    -2.443538  -0.76530582   0.48014066    29.160082   -16.671232
   51.945427 -0.0058472212 -0.00047270715    12.214554   -51.590961    2.2844198    2.5044587   0.89851123     -1.19399 0.0020096907  -0.00114472    5.2208505   -1.8312137   -1.0248102 -0.083990246    33.111996   -20.574438
   56.673027 -0.011445836 -0.00024135226   -13.008531   -61.163559    7.0897584   0.16587305    1.1645424   -1.1666496 0.0017232945 -0.0011046802    6.1188607   -1.8017911   -1.9904851 -0.040690556     28.03656   -20.678875
   61.830894 0.0021676589   0.01480817   -12.567869   -61.212761    6.1222754    1.6685272   -5.5690007    1.4271417 0.0014875103 -0.00092564052    1.8778731   0.74142492   0.36305958    2.6015773    24.844906   -21.252356
   67.458183 -0.0049697072 0.0085707447   -34.200321   -60.548096    10.178963  -0.72090662  -0.45187625   0.32647312 0.00091415114 -0.0012821151    3.8527417   -3.4482663  -0.86429656    1.4926519    21.516506   -28.302824
    73.59761 0.0046825181  0.013394115   -46.734291    -57.75079     12.21695   -4.3453116   0.75819814   0.20694436 0.00095529994 -0.0010615749    4.2945957   -3.6345253   0.81029469    2.3187375    26.672644   -28.622942
   80.295799 0.0040964377  0.013641625   -66.715446   -56.825367    14.529446   -8.7321901  -0.55451024 -0.070566855 0.00094681961 -0.0014978896    2.2825332    -3.674859   0.70735353    2.3538527    19.124456   -26.973869
     87.6036 0.0081079872 0.0047118943   -75.889671   -50.665375    13.440941   -14.007244   0.72291768  -0.26401821 0.00098044891 -0.0015054769    2.7663872   -2.9164329    1.3918439   0.80642462    17.245296   -31.321804
   95.576485  0.014229674 0.0027445448   -97.314201   -27.436302    11.199321   -19.736958   0.65283108  0.050355803 0.00050947821 -0.0020551682     2.832375   -6.9741216     2.446914   0.47315773    15.892354   -35.618431
   104.27499 0.0098290639 -0.0042820671    -102.7512   -17.412725    4.5494933   -23.665443    1.2252315   -1.6254948 0.00049661368 -0.0016196284    2.0198629     -7.39078    1.6799052  -0.73245525    7.5618539   -33.465099
   113.76516 0.0065277126 -0.0033812793   -104.44507     5.819747   -6.3089447   -29.387569  -0.67400706  0.030191924 7.4050258e-05 -0.0020341782    1.8327782   -4.5794001    1.1099373  -0.57602382    3.2990112   -30.955393
   124.11903 0.0076468582 -0.0067356331   -117.06806    31.322985   -13.558715   -31.573965    1.6596826  -0.99224025 0.00062648702 -0.0018113565   0.44680291   -5.3240719    1.3003017   -1.1468394   -1.4967024    -37.74004
   135.41522 0.0041498495 -0.0079816245   -105.83446     58.43404   -24.361351   -29.379744  -0.35042274   0.36369294 -0.00027242754 -0.0017328091  -0.33421355   -5.8625865   0.70590711   -1.3590065   -2.3205998   -34.486382
   147.73949  0.003258242 -0.014444417   -93.890266    78.972282   -37.000217   -24.301868  -0.36083925  -0.47298065 -0.00056521746 -0.001764745     -1.60063   -6.4604959   0.55138969   -2.4493258   -12.528859   -35.558811
   161.18539 -0.00065702089 -0.015596963   -75.869469    102.23592    -46.69305   -13.801859   -1.0784398   -0.8962754 -0.00079596956 -0.0015349729   -2.9658725    -5.368073  -0.11150163   -2.6411407   -15.375295   -30.381933
   175.85503 -0.0035601556 -0.010162379   -60.621983    112.34004   -52.559555   0.34464473   0.25225133    1.1603508 -0.0010240364 -0.0015430384   -3.2495883   -5.3830872  -0.60434854   -1.7088819   -17.761209   -21.132748
   191.85976 -0.010569189 -0.010364501   -28.320332    127.15406   -55.324974    20.425158  -0.53073466   -1.1014731 -0.0013008997 -0.0011862718   -4.6646342    -4.040669    -1.784328   -1.7472512   -29.022882   -23.124199
   209.32111  -0.01476621 -0.0092929015   0.86629444    130.48582   -51.633018    41.790783    0.1993504  -0.15602854 -0.0015141607 -0.00084875798   -5.0553994   -2.4015028   -2.4806793   -1.5596249   -31.471199   -13.196492
   228.37161 -0.016407542 0.00078261079    34.477032    132.50031   -36.950935    62.450584  -0.83291769   0.21450298 -0.0017987739 -0.00058567658   -6.0340924   -1.2327968   -2.7541823   0.13293201    -34.56266   -5.7304683
   249.15593 -0.015827013 0.0020310888    65.809502    124.46552   -11.559177    78.135536   -1.1665001 -0.086225323 -0.0017383453 -6.9914298e-05     -5.79427   0.63458592   -2.6549203   0.34134343   -30.504564   -1.8829342
   271.83185 -0.016705895  0.016377835    97.356667    110.17464    20.802322    84.860794  -0.25242814   0.17382619 -0.0017202186 0.00052417524   -5.7285981    2.3152184   -2.7884381    2.7330916   -33.196449    11.125625
    296.5715 -0.013646866  0.020303102    127.27219    86.666222    63.498421    70.863808  -0.11327729    1.8429755 -0.0014614178 0.0010297925   -3.7340636    4.1898522   -2.2745621    3.3833506   -27.371376    15.857459
   323.56277 0.0025900649  0.036468681    163.21898    66.700935    86.926315    19.290609  -0.18755674    1.1766005 -0.0010458439 0.0014566322   -1.7983346    5.1913242    0.4318943    6.0765162   -20.160402    25.437607
   353.01053  0.015012834  0.024292065    200.99597    -23.16423    84.349777    20.978491   0.13381898   0.86142391 -0.00048944814  0.001752584  -0.69722044    6.2104511    2.4994473    4.0418658   -9.0433455    35.154781
   385.13834  0.032066721  0.016933544    183.44031   -107.15124     99.01326   -38.588554   0.36330745   0.46311471 0.00030118256 0.0017452321    1.8649029     5.866354    5.3150692    2.8093197    7.7734227    30.066919
   420.19016  0.040594336 -0.005728099     141.9915   -195.96257    68.715294   -93.351273    1.9919994 -0.032642744 0.0010365674 0.0014865281    5.4965014    3.1078598    6.7197695  -0.93687481    23.626852    21.897715
   458.43204  0.026810281 -0.029057283    36.033081   -263.08536     2.364434   -120.45175    1.1549901  -0.76819271 0.0015819244 0.00084865483    5.5180573   0.36691344    4.4226918   -4.7939062    29.867294    11.816435
   500.15439 0.0066920687 -0.044179164   -112.78523   -263.33871   -73.300644   -101.22781    1.1583828    -1.630411 0.0017329932 -8.3423729e-05    4.2319932   -2.5688972    1.1043164   -7.2979121    30.830585   -8.7973528
   545.67389 -0.029529918 -0.034103811   -284.72116   -167.07114   -122.27506   -32.143826   -0.2805312    -1.952245 0.0014127041 -0.0010314687    1.9667516   -4.0431724   -4.8746195   -5.6314201    24.335253    -16.56996
   595.33618 -0.043958351 -0.0050609363   -354.59952    69.209702   -106.82887    52.231598   -1.4266562   -1.2747154 0.00056888722 -0.001660618  -0.67524242   -5.3892674   -7.2432919  -0.83485723    9.1305065   -32.512409
   649.51831 -0.040744916   0.02803391   -227.48871    269.66837   -61.376472    110.35314   -1.3501248   -1.0715616 -0.00057013682 -0.0016169685   -3.8601167   -2.6487873   -6.6755962    4.5928316   -8.0599127    -24.74715
   708.63159 -0.010395665  0.049032249    42.597633    394.62415    43.921242     119.2193   -1.3853697     1.804408 -0.0014574522  -0.00075551   -4.3771806  -0.25429913   -1.7026356    8.0298243   -21.881557   -14.346952
   773.12482  0.037374504  0.025704181    336.86218    273.89267    138.35783    48.102943   0.50804549    3.1162009  -0.00157349 0.00055305916   -2.9275227     3.626488    6.1239944    4.2091241   -30.279137    10.569604
   843.48761  0.042820707 -0.016366493    468.68246   -137.04745    114.05193   -90.700645    1.9751067    1.2288712 -0.00065753696 0.0015687501   0.65666252    4.1366301      7.00776   -2.6776121   -9.5949411    23.893282
   920.25421 0.0075685284 -0.041686859    121.14814   -504.63992   -21.382584   -134.12138    1.9008379     -1.27354 0.00086982711 0.0013882553    3.1040013    1.7563701    1.2409425   -6.8383021    16.935686    23.493986
   1004.0074 -0.031384148 -0.026053585   -417.86008   -338.60184   -122.83608   -38.304668  -0.58060271   -2.1719296 0.0015956018 -3.7622303e-05    3.0515997   -2.2557347   -5.1089635   -4.2400951    28.761459   -2.6734993
   1095.3831 -0.032973975  0.017458476   -463.00131    286.86493   -78.565056    91.766365   -2.5851424   -0.6982255 0.00066710159 -0.0014530256  -0.62574124   -3.4160597   -5.3926105    2.8554919    9.0589418   -24.227558
    1195.075 0.0085249571  0.036274355    169.72829    520.76764    56.650253    99.830132   -1.7965045     1.716029 -0.0010812357 -0.0010741021   -3.4724636   0.19679973    1.3878137    5.9067755   -19.774536   -14.277237
   1303.8398  0.037588995 -0.0017357252    541.10199   -101.80841    105.47087   -32.799675    1.5702595    2.4445362 -0.0012466675 0.00086158066   -1.2140911    4.0259528    6.1036286  -0.28244707   -17.562328    17.003574
   1422.5035  0.001160591  -0.04111122   -67.371056   -548.37286   -20.579887   -112.02507    2.6099508   -1.4038097 0.00067946519 0.0013788195    3.4610696   0.94443643   0.18618017   -6.6653595    12.671007    24.326342
   1551.9669 -0.036385566 0.0016223668   -530.78931     107.8442   -117.61065    22.018129   -1.6575384   -3.1900339 0.0012765619 -0.00071754912   0.83439803   -3.6635025   -5.8942952   0.26202214    17.997772   -14.493041
   1693.2129 0.0097375326  0.039810367    218.61205    483.33691    46.254673    119.61382    -2.973542    2.2450676 -0.00091316726 -0.0011433085   -3.9914501   0.64440829    1.5752385     6.440536   -16.314873    -19.67836
   1847.3137  0.036436982 -0.022906085    379.61707   -381.71649    101.71118   -98.275352    3.1160583    2.6693695 -0.00074624084 0.0012222452    2.3183863    3.4658492    5.9049811   -3.7117429   -10.714582    23.967245
   2015.4396 -0.045206886 -0.014910169   -529.07251   -134.78796   -155.58893   -26.905676   0.29556695   -4.7907324 0.0013848605 1.7492443e-05    1.0930181   -2.4312067   -7.2914624   -2.4044106    28.414045   -1.5755353
   2198.8665   0.02082474  0.040400036    270.28873    505.60489    102.33676    129.42766   -4.1288624    3.4332333 -0.00082243822 -0.0010791254   -3.2242873     1.010538    3.3643517    6.5298371   -15.688218   -14.286975
   2398.9875 -0.0028070426  -0.04843042    49.951683   -597.54382    -30.52442   -153.69868    6.1555271  -0.88443208 -4.1574884e-05 0.0013113891    2.5350909    0.8436591  -0.45221892   -7.7886424    2.8519313    22.014156
   2617.3215   -0.0101067  0.040323015   -248.07028    567.61145   -11.105894    143.17329   -7.2593822   -1.6635672 0.00061046681 -0.0011975305   -2.0571103   -2.1175756   -1.6204311    6.4628048     10.11414   -18.513142
   2855.5266  0.012794461 -0.034304611    304.28079   -548.68066    21.774431   -126.73176     7.642683    2.3413379 -0.00076532573 0.0010316164    1.6944379    1.7621118    2.0560677   -5.5150433   -11.811788    17.808222
   3115.4106 -0.012228515  0.030551054   -187.93636    594.55145   -2.4058082    117.67371   -8.4194441  -0.36320406 0.00068556092 -0.001070519   -1.8768923   -1.5054923   -1.9618044    4.9018469    7.6863999    -19.40621
    3398.947 -0.0029775505 -0.032932878   -109.49837   -622.08319    -49.26955   -99.071793    7.4425516   -3.8011732 -0.00025733048 0.0012666301    3.6090829  0.092348732  -0.47963393   -5.2901621    -3.147866    18.948851
   3708.2886  0.021786716  0.010756951    583.31854    337.99347    112.62298  -0.24910988   -1.6069363     8.196723 -0.00065316685 -0.0010660783   -2.7768631    1.6326996    3.4874563    1.7218291   -11.233785   -14.176963
   4045.7834 -0.026569927  0.015892362   -472.31064    436.97507   -33.699867    70.621719   -6.6033549   -5.3099885 0.0012438722 -0.00025987808   -1.8622221   -3.2830117   -4.2588983    2.5477884    25.398022   -6.1205001
   4413.9937 -0.0029577597 -0.015329029    -472.2869    -337.0116   -33.738964   -8.7225571    4.7377424   -5.2595973 8.7065338e-05 0.00060186104    2.8500822   -2.2385974  -0.47581995   -2.4616642   0.97062546    23.456234
   4815.7158  0.026449986 0.0090340255   -5.5439754     -429.431    16.018013    4.5518556    4.9727173    2.6148777 -0.00098594965 0.00034261853    5.2824812  -0.40365246    4.2347522    1.4462018    -8.579834     7.051084
   5253.9985   0.03408356  0.023133187    146.55083   -212.97838    24.641342    42.543945   0.14811593    6.3696694 -0.00088241376 -0.00039595502    3.0563877   0.67795521    5.4387059    3.6932709   -8.0337286     -7.68331
   5732.1699  0.033991929  0.027385717     119.9639    -87.78923     32.49786    57.078297   -1.8580239    7.4134955 -0.00063867617 -0.00045020849    2.7127321   0.61624074    5.4311414    4.3759804   -8.0863934   -7.0038276
   6253.8599  0.038961481  0.011724582    83.218712   -49.922531    61.281376    37.504944    1.9454069    8.6693287 -0.00061221636 -0.00038256793    2.1152651  -0.47938725     6.214623    1.8713289   -10.881727   -6.9960208
   6823.0298  0.024669265 -0.028872892    40.661324   -79.016434    57.784172    -38.94479    9.6610041    2.7065012 -0.00086121564 0.00021141658   0.99865538    -1.675411     3.939131   -4.6103354   -6.6267409    3.9897099
        7444 -0.031769112 -0.013416537   -86.155861    -44.07188   -53.189976   -39.346455  -0.42014793   -10.022706 0.00014216575 0.00063849724   -1.3851706 -0.034172583   -5.0648937   -2.1391878   -1.2226241    9.5030527