          40 -0.00030960032 -0.00028473398    50.118267   -49.716988    -2.541868    2.2227788   -7.4921904    2.3478851 -0.0010414035 -0.0010629992    23.175962     -13.6232    69.730568   -31.567223    24.543131   -18.423731
   43.640438 -0.00069301965 -0.00021704606    28.780151   -81.722183   0.18048747    6.6467824    1.4606359  -0.69150025 -0.002211248 -0.0024258692    25.659611   -10.686703    69.106445   -33.097836     29.31955   -15.220048
   47.612194 -0.00068370538 0.00019958237    30.440712   -64.049049  -0.27420706     4.630692    3.2566459    3.7548146 -0.0030694576 0.0033050058    21.567331   -16.063503    66.685104   -43.046059    25.916603   -14.186866
   51.945427 -0.00053234014 0.00061532634    14.809522   -99.530457    3.9155664    6.1723981  -0.40192422    3.9527779 -0.014322501 0.00068427227    21.333471   -14.471556    65.156204   -38.961067    26.412666   -19.667725
   56.673027 -0.0001875289 0.0018012625    10.225228   -118.61105    6.1226091    7.4401808    1.3093758    2.7970312 -0.0025830148  0.011150131    24.402802   -14.841239    64.152939   -45.518875    29.199038   -20.051952
   61.830894 0.0016302052 -0.0013101142   -5.6756182   -135.99232    11.279428    7.1472754   -36.367767   -27.101101 -0.0021909811 0.0064991517     19.70083   -17.203533     56.19178   -47.151661    20.636637   -17.961895
   67.458183 0.0012086746 0.00062935398   -58.882671   -144.76131    18.375408    5.2067294   -3.0234094    3.4407077 0.0038107687 -0.0027270087    20.921131   -19.994278    57.775341   -54.565323     22.98292   -23.615396
    73.59761 0.0018073026 0.00022014197   -95.545837   -150.55293    24.375093    1.1851138   0.92861223   -4.4145617  0.008834837 0.00059059862    19.973774   -20.780241    56.478996   -55.002899    18.465635    -32.99567
   80.295799 0.0016153582 -0.0010114724   -153.66722   -135.23215    29.304884    -10.03356   0.15529351   -1.1273983  0.012377164 -0.026416775    17.125999   -27.297657    50.663532   -71.259628    18.040134   -28.249184
     87.6036 0.0010627058 -0.001966953   -188.38995   -97.248383     28.33621    -23.96048   -2.2253597    1.9917248 0.0099512003 -0.024168668    15.302051   -24.544489    45.016987   -62.811363    10.663129   -33.330658
   95.576485 3.321168e-05 -0.0023996709   -210.21625   -43.671806    20.832256   -37.020733   -1.6475712   0.98836476 -0.0019229429 -0.018088184     6.359129   -27.863148    29.329597   -72.361877    8.9017382   -35.620285
   104.27499 -0.0014343889 -0.0020751068   -221.40611    5.0260115    9.5814514   -48.463913    2.0855901    1.0518792 -0.0022533301 -0.014340432    13.791967    -33.48629    36.353111   -80.327164    8.0173588    -31.48115
   113.76516 -0.0024499542 -0.0013090931   -209.60699    57.966431   -5.9696217   -53.582516    1.4778725  0.087552153 -0.013453444 -0.005898016    4.9747586   -25.725235     23.72596   -73.246002    2.1846969   -36.693886
   124.11903 -0.0024143038 0.00041349337   -189.34995    106.14147   -25.222115   -50.330353  -0.29399541  -0.27347893 -0.0043067764  0.003977838 -0.036982249   -27.845423    10.979014   -74.405701 -0.052207291   -33.590633
   135.41522 -0.0015722222 0.0012555869   -156.67857    139.18785   -42.788097   -45.099632  -0.11189979    1.0319103 -0.0038383787 0.0034642715   -3.2066545   -30.708242    5.1348596   -82.541321   -9.4733419   -32.728912
   147.73949 -0.00074653118  0.001506375   -115.87009    165.75327   -57.494614   -32.328148  -0.70648706   0.20582011 -0.0050087548 0.0053587458   -9.9934921   -28.465723   -8.7575293   -79.230408   -13.120454   -34.265621
   161.18539 1.3994087e-05 0.0014505896   -73.904648    184.10551   -72.035622   -14.043732   -0.7143572  0.007128011 0.0032254525  0.003668119    -13.46229   -26.830544   -19.790873   -80.381844   -10.651373   -32.145134
   175.85503 0.0003062108 0.0011670721   -33.929596    183.45932   -70.698235    8.9175615  -0.51068753    1.3213583 -0.0014786226  0.006465035   -18.902023   -21.285145   -37.289219   -69.399353   -24.601164   -22.453161
   191.85976 0.00060852332 0.00092236104     5.423667    187.44717   -76.938148    37.008743  -0.32919431  -0.13270116 0.0018139204  0.003542199   -25.692747   -18.330339   -53.010731    -69.07457   -24.792347     -21.4464
   209.32111 0.00093950075 0.00052839774     46.13393    177.53091   -64.282074    66.168633  -0.38553941   0.40527698 0.0027875036 0.0044059823   -29.844128    -11.25291    -69.16552   -56.942055   -29.932314   -14.182778
   228.37161 0.0011318709  0.000114701    77.227882    165.80894   -44.597157    87.911728   -6.9241991    1.3676089 0.0054338695 0.00035999023   -31.025326   -4.4618249   -78.296364    -43.13427   -33.914108   -6.9167738
   249.15593 0.00088183291 -0.00038662221    108.04073    139.27168   -7.0065637    104.86972  -0.22734313  -0.12990049 0.0039292444 -0.0020015892   -31.688364    5.2928252   -89.477509   -19.867197   -32.503658   0.58381885
   271.83185 0.00040932349 -0.00067815097    136.66585    115.88597     36.67281    108.56078  -0.04049113   0.15982725 0.0024444612 -0.0019278964    -28.89683    14.894528   -94.521103    5.9850521    -27.06698    15.295507
    296.5715 -3.9085317e-05 -0.00065391639    153.63885    90.031403    83.858971    83.854202  -0.74017751   -1.2490547 0.00065878796 -0.0025589427   -20.328411    23.314314   -85.232361    35.393677   -20.833181    13.791313
   323.56277 -0.00019255877 0.00039907277    206.12817    87.073097    112.77566    13.444353  -0.33394405    0.5582391 -0.0016338123 0.0011048918   -10.920329    27.110588   -71.267494    64.521736   -18.741098    25.606348
   353.01053 0.00027577131 -0.00096244639    253.40044   -65.776413    111.56593    14.093715    0.1953111   0.50940299 0.0019667111 -0.0031680777    1.2982769    33.768932   -45.060047    90.867546   -6.7282305    30.797106
   385.13834 -0.00062151649 -0.0004741977     210.6899   -147.17393    120.46651   -57.100498   0.47764921    1.1367466 -0.001896135 -0.0024403317    15.609027    28.937471   -4.2416573    101.33537    8.7868547    30.956186
   420.19016 -0.00071048021 -9.3360475e-05     154.5426   -236.41116     73.67244   -120.40219    1.0272312   0.46185774 -0.0025438834 -0.001127682    27.741116    16.794046    41.541203    93.247238    17.252954    24.214066
   458.43204 -0.00045984282 0.00034223986    33.898296   -313.40826   -5.8440018   -148.59509    1.6321578  -0.24863845 -0.0021361809 0.00081424217    32.054142    2.4076858    79.877373    63.503521    27.057268    12.965676
   500.15439 -5.9221191e-05 0.00046438989   -149.66887     -320.453   -95.969139   -115.78075    1.0926497  -0.52974457 -0.00071329565 0.0015204542    26.561808   -15.040471     100.7821    11.885429    23.299255   -5.1296196
   545.67389 0.00014941633 0.00033916114   -344.33505   -192.73225   -147.49382   -28.078056    1.0824234   -1.1648356 5.518529e-05 0.0014039432    12.823831   -26.172419    90.318031   -45.067146     19.61643   -15.040293
   595.33618 0.00027628755 0.00012825734    -425.7973    87.227386   -123.24866    71.936745  -0.75873727   -1.7323554 0.0007988977 0.0008913739    -5.804318   -28.010872    47.001682    -88.13472    7.5045028   -23.461887
   649.51831 -0.00026353053 0.00011105412   -265.26559    341.93454   -59.357605    132.58968   -1.1899993   0.33392611 -0.0010757737 -5.2748845e-05   -23.103617   -16.170395   -20.279106   -96.533165   -8.1495323   -25.622641
   708.63159 0.00015227367 0.00082512945    60.039165    466.98843    58.391708    134.30278    -2.749656   0.21952924 -0.00094930176 0.0030404914   -27.275988    5.1686063   -80.049599   -57.552608   -25.853415   -15.126551
   773.12482 -0.00048548172  -0.00183494    409.91226    315.55734    161.19511    44.825172   -1.8451796    3.0571005 0.0020122437 -0.0070130401   -12.660951    22.586264   -95.644859    19.427563   -23.646471    14.149388
   843.48761 -0.0012240789 0.00048470203    541.74005   -169.62704    120.13278   -108.76029    3.1980355    3.4251497 -0.0049310289 -0.0010266388    9.8627806    23.217634   -46.639866    85.296555    -10.30206    26.320469
   920.25421 0.00036287567 0.0010378957    126.55133   -593.16986   -33.576294   -148.46417    4.9324355   -1.7007999 -0.001264142 0.0040210229    23.466633    4.6646886    43.219894    87.108467    16.531612    20.439285
   1004.0074 0.00090383127 -0.00030341468    -499.0498   -386.16757   -138.78444   -35.927673  -0.41842997   -5.4810038  0.003393979 0.0013450466    15.140578   -17.440506    94.755089    7.7863946    27.014994  -0.52518731
   1095.3831 -0.00033660428 -0.00081139413   -538.99115    342.72656   -82.612946    107.71743   -4.0255971  -0.54154795 0.0012028686 -0.0031288287    -10.76733   -19.463352    47.266827   -81.927399    8.7674341   -19.921406
    1195.075 -0.00074668223 0.00044338423     199.3898    614.25519    72.209473    106.94387   -1.5251656    3.0623193 -0.0031866492 -0.00096910656   -21.582417    5.1436458   -61.806561   -71.482628   -16.730331   -13.676357
   1303.8398 0.00060533336 0.00057001592    626.29852   -107.89489    117.06358   -44.413311    1.6083663    4.0538602 -0.00029262548 0.0031646919      1.74324    22.376202   -82.393768    45.959858   -17.010086    20.536276
   1422.5035 0.00033700652 -0.00083384564   -93.966827   -627.77454   -27.676674   -121.95649    2.4866948   -2.5244524 0.0033570174 -0.00066525652    22.031427   -1.1987865    38.290234    86.029533    9.5234623    20.689571
   1551.9669 -0.00095392793 0.0001144316   -615.59393    134.23811    -126.4194    30.472223     -2.49351   -2.3106203   -0.0020764 -0.0029981048   -2.8871441   -20.215113    85.412392   -42.630199    20.345423   -11.408744
   1693.2129 0.00073247572 0.00071095058    266.94788    550.83441     53.13979    128.92719    -2.178494    2.6307311 -0.0014555113 0.0035632136   -19.503143    8.0401506   -55.789593    -73.08992   -15.205241   -20.167513
   1847.3137 -0.00012082829 -0.0010561161    419.68143     -431.229    107.56972   -110.56254    3.5399737    1.7319602 0.0037063889 -0.0014994458     14.42344    12.631997   -47.022301    76.531891   -9.7388058    20.649305
   2015.4396 -0.00031353859 0.0010320108   -591.06445   -147.81996   -166.23006   -22.846064  -0.67692548   -4.0966778 -0.0039725541 -0.00059368869    1.0933628   -17.093798    85.952858    3.3070672    20.706429   -4.3914638
   2198.8665 0.00038462714 -0.0008559702    292.16861    562.24719    117.05003    133.01855   -3.5946236    3.0621786 0.0031903714 0.0013902491   -13.860939    10.814574   -50.621349   -68.484077   -14.013422   -14.817587
   2398.9875 -0.00016354265 0.00066642003    74.226059   -658.66754   -39.924236   -164.92714    5.3240042   0.19182976 -0.0023431592 -0.0009347896    15.463997  -0.03968887   -4.1124411    83.067192  -0.63201308    23.911205
   2617.3215 -0.00016271223 -0.00043109604   -304.41568    633.64124   -3.4239001    157.10181   -6.1240864   -3.6537838 0.0016773283 -9.0367816e-05    -14.23734   -4.6590252    38.616917   -76.469589    9.0654526   -13.703219
   2855.5266 0.0003301914 2.7003487e-05    355.20154   -608.66779    16.076956   -138.45663    9.1314583    5.9387698 -0.00064926693 0.00099576206    13.538688    7.4760189   -50.392014     66.85994   -9.1559086    17.542805
   3115.4106 -8.1779181e-05 0.00037852026   -228.47343    665.22278    6.6217527    129.99144   -12.084418    1.3239681 -0.00083705189 -0.0010917294   -16.271154   -6.1667585    42.830643    -72.70797    12.574034   -14.537621
    3398.947 -0.00044978497 -0.0001888163   -106.82726   -697.58685   -61.041782   -106.46239    7.4438987   -5.5310249   0.00165793 -0.00039266807    17.750813    -1.421164   -12.246715    81.520088   -3.5147102    22.861561
   3708.2886 -0.0011069641 0.0010991757    649.51453    408.44305    129.57457   -11.013225  -0.68834829    7.9781084 0.0022151261 -0.0049182433   -11.992568    16.069057   -46.560619   -69.798172     -11.1435   -11.966889
   4045.7834 0.00020096934 -2.149292e-06   -549.16101    497.64044   -22.596733    84.484299   -6.2097502   -5.2838306 -0.00069012976 4.6444591e-05    -13.83238   -16.877331    78.623268   -13.019425    15.502306    3.3534825
   4413.9937 -2.5781121e-05 7.5528656e-06   -547.49713   -375.43677   -41.524406    6.7503409    5.2032323   -5.3653765 8.6466811e-05 2.2669644e-06    14.325191   -17.723034    9.6507435    72.593391   -1.4842824    18.394501
   4815.7158 -0.00010152593 -0.00010124793   -17.437571   -472.33582     8.536706    9.4128819    5.4721613    3.0062957 4.9274189e-05 0.0004829508    21.918484   0.12466678   -55.952553    30.157873   -15.262263    3.7985036
   5253.9985 -0.00013593363 -0.00015741111    155.22359    -235.4733    19.717478    44.152771   0.38330346    6.9542651 -0.00030741165 0.0006459711    13.683427    6.0591731   -48.888794   -17.099098   -10.996354   -9.8669815
   5732.1699 -0.00018045471 -1.9331697e-05    132.44026   -94.676399      30.6539    58.850544   -2.3058603    7.8777657 -0.00016765694 0.00062983303    9.6932335    4.5613074   -34.922913   -29.570902   -6.6352139   -5.5452576
   6253.8599 -0.00012328694 0.00012179316     91.11116   -55.737297    60.558743    37.578484    1.8514364    9.5854921 -1.8738994e-05 0.00067180052    6.9288168   0.42983374   -37.224907    -18.76087    -4.101984   -3.3475204
   6823.0298 0.00012419873 9.0106696e-05    46.739876   -89.152725    60.527916   -39.438129    10.561587    3.4247169 0.00048843911 0.00042235796    2.2488887   -4.1291175   -35.494106    16.630476   -10.680647   -6.0394211
        7444 -0.00010117605 -2.8543211e-05   -95.152061   -48.821354   -53.569347   -39.897327  -0.38415396   -9.9087725 0.00035314556 -0.00047873348   -2.3661675   -1.4832386     20.39505    30.508247   -2.8784096    4.8335624