          40 -0.00068428472 0.00045705418    58.049721   -51.751442   -2.8691335    2.9552982   0.29301456   0.17866629 0.0043132976 -0.002577384   -44.175198    21.327906     -137.297    58.439915    28.775579   -15.064899
   43.640438 -0.00044584315 0.00054582156    57.910797   -69.327034   -2.3332214    4.9035821   0.30160826  0.088729762 0.0035757602 -0.0021879312   -42.035061     22.99383   -131.18541    64.069054    28.371178   -17.166895
   47.612194 -0.00029654015 0.00076101231    54.549919   -90.122421   -1.3188937     6.802249   0.43072891 -0.090713628 0.0050839242 -0.0035907521   -40.737377    25.362621   -128.07094    70.707108    27.332333   -17.985573
   51.945427 -0.00018086174 0.0010439904    46.761913   -113.39198   0.76320332    9.4871693   0.66696185 -0.002388732 0.0077312165 -0.011510482   -39.500759    27.361643    -124.3874    76.716904    26.367537     -20.1374
   56.673027 0.00021840054 0.0012983445    32.859978   -141.75677    4.2326994     12.19718   0.31197312  -0.18891202 -0.0066498285 -0.010244796    -37.42205    30.323465   -120.70539    86.311897     24.88237   -21.169945
   61.830894 0.00070802693 0.0015581879    5.2802563   -171.46494    10.335017    14.183591  -0.11646461   0.38463396 0.0031199383 -0.0091294497   -35.951794    32.870193   -115.86172    92.050171    23.984819   -22.907196
   67.458183 0.0020294674 0.0011439201   -34.358406   -199.96225     18.82983    13.727075   0.29653376 -0.097003028 -0.010491279 -0.0086387731   -33.303104    33.637665   -108.71254    97.951279    21.669397   -25.056957
    73.59761 0.0029861813 -7.7929508e-06   -95.162132   -218.52003    29.662523    9.1248236   0.35335279 -0.086236723  -0.02087033 -0.0031554066   -31.040253     36.30798   -101.16215    105.69926    19.106775   -26.649773
   80.295799 0.0031722751 -0.0016810293   -170.29765   -210.45911    39.688911    -2.526505   0.22896102  -0.30756834 -0.018432554   0.01000065   -28.778965    40.229397   -94.632721    115.73158    16.772705   -28.035795
     87.6036 0.0022023295 -0.0035502198   -248.12802   -166.95563    44.453438   -21.391653   0.13905379  -0.33281457  -0.01221179  0.017567882   -26.336689    42.767818   -86.087128    122.73999    13.189646   -28.295687
   95.576485 0.00017225608 -0.0045928964   -303.17273   -90.569336    38.883198   -43.031834  0.088825338  -0.46099639 -0.0048580808  0.023606885   -22.726324    46.869003   -75.613953    131.75046    10.633953   -30.706482
   104.27499 -0.0022928421 -0.0041390676   -318.11447    4.0938282    22.055698   -61.486217 -0.00054060499  -0.32368451  0.010932125  0.029651251   -16.188137     47.69191   -60.965553    135.92355    7.2986808   -31.637497
   113.76516 -0.003996924 -0.0025288207   -301.33432    87.355301  -0.53163189   -71.369118  -0.15067609  -0.43788999  0.022740422  0.018323705   -10.626956    51.589256   -47.698597    144.47049    3.0671132   -32.489361
   124.11903 -0.0045156977 -4.9842223e-05   -260.26276    161.19881   -26.841051   -72.925026  -0.22539642  -0.34214258  0.022289157 0.0027924206   -2.1966429    52.676998   -28.749153     149.2009  -0.73682076   -32.237869
   135.41522 -0.003600213 0.0017596903    -203.4274    211.31703   -52.406147   -64.443245  -0.29689404  -0.18427363  0.021827178 -0.0088774236    5.1763735    52.412991   -10.463988    152.93327   -5.4929996    -31.70731
   147.73949 -0.0022998231 0.0025737379   -143.39938     241.7607   -74.289742   -47.885284  -0.28658727 -0.097754747  0.015331315 -0.013620335    13.909731    51.566555     11.41596     154.7457   -10.538613   -30.475159
   161.18539 -0.0012553263 0.0026963579   -77.423515     259.8468   -92.144318   -24.070505  -0.29164857  0.056155186 0.0091767861  -0.01458783    23.546627    49.064163    36.555119    153.99104   -15.582484   -28.171787
   175.85503 -0.00040992093  0.002873593   -17.162096    252.85576   -100.15717    6.9706593  -0.20265569  0.091466464 0.0048116059 -0.016969113    33.607944    44.088718    65.168167     149.8127   -20.162447   -24.418139
   191.85976 0.00075228669 0.0028123679    40.396683    238.61194   -99.682846    41.797127  -0.22524655 -0.070714697 -0.001707927 -0.017504513    43.261051    36.361252    93.813385    136.74464    -24.80101   -19.443703
   209.32111 0.0017237206 0.0021244476    90.135498    210.25406    -86.12896    78.264397  -0.15087563  -0.10216387 -0.0092157591 -0.014451182    52.050091    25.400175    124.21836    117.14101   -28.962088   -13.709618
   228.37161 0.0022055414 0.0011498813    124.74442    174.11086   -56.855736    110.88171  -0.29062074  -0.14479072 -0.011729654 -0.0079593547    56.288193    10.502826    149.19954    85.526535   -31.240587   -6.2771912
   249.15593 0.0021834543 0.00016482259    151.62349    135.38742   -12.312887    133.75392  -0.48434359  -0.15768735 -0.012448842 -0.0029961918    58.113281   -6.2602243    169.67459    45.429195   -31.860249    2.3917973
   271.83185 0.0017680645 -0.00053859962    164.30429    99.032593    44.576748    136.19713  -0.68484533  0.072826006 -0.011160795 0.0013370151    53.225826   -24.457279    179.29791   -4.8124146   -28.982992    10.797244
    296.5715 0.0013030563 -0.00087787281    171.20584    75.307472    106.92056    108.18684 -0.076761901   0.40232342 -0.0086164447  0.003474131    41.326908   -41.407784    172.69646   -61.746822   -23.866894    19.779055
   323.56277  0.001276598 -0.00067340978    218.62418    102.41679    145.32146     18.90587  -0.32635188    1.0628716 -0.0084122354 0.0019595677    23.050724   -51.894943    144.11731   -117.89211   -15.963737    26.096062
   353.01053 0.00068122649 -0.0028746915    276.38434   -95.899696     138.1926    19.694237  0.020727057    1.0799876 -0.0080191381    0.0155108    1.5400628   -59.159851    93.632874   -164.04643   -5.8290224    29.974066
   385.13834 -0.00097030977 -0.0020361687    223.30356   -167.48985    150.20323    -71.86808   0.81656396    1.1213442  0.002365818   0.01313454   -25.705666   -53.645283    19.429884   -194.11919    7.0632372    30.526615
   420.19016 -0.0016387173 -0.0010275731    162.29164    -257.6088    92.074089   -151.08691    1.4557964   0.57037526 0.0076319082 0.0086794086   -47.208534   -34.178368   -67.777824   -183.66362    19.108469    22.809202
   458.43204 -0.0017881019 5.8866535e-05    38.824966   -346.98489    -9.993536    -183.7462    1.7515786  -0.49360758  0.010274298 0.0029562728   -56.607391   -5.4268432   -147.65414   -131.73697     27.33897    11.549081
   500.15439 -0.0012797331 0.00094264076   -161.23511   -363.75394   -121.57432   -145.01868    1.1399316   -1.7033933 0.0090643782 -0.0026995151   -49.549557    25.468872     -196.317   -38.842655    28.714447   -3.5598671
   545.67389 -0.00038795586 0.0013575949   -390.26089   -233.92758   -187.57954   -34.765068  -0.36732382   -2.0832279 0.0051369662 -0.0066967681   -24.935644    48.264027   -185.98706    75.107353    21.660183   -17.953743
   595.33618 0.00049097528 0.0011314102   -498.31262    88.678871   -153.75821    94.097183   -1.6532178   -1.2285473 3.0476982e-05 -0.0073768268    9.1695566    51.446449   -106.69498    168.93748    7.1387181   -26.515741
   649.51831 0.00043207963  0.000736196   -310.97086    386.48572   -72.015762    167.14461   -1.5338695  -0.22527634 -0.00039933747 -0.0050966428    42.227642    32.454617    24.429792    203.97203   -11.144141   -25.196661
   708.63159 0.0011170082 0.00089411426    59.799885    544.14166    77.311554    167.47546     -2.20509    1.5651518 -0.0033722022 -0.0078577185    50.307198   -6.7993722    156.11148     133.5849   -24.790571   -11.173661