          40 0.00010908232 -0.00031772582     43.34642   -59.462029   -1.0114543    3.3262854  -0.24928905   -5.2905416 0.0076290462 0.0012674757    46.328503   -22.994886    138.19051   -57.327358    28.760586    -14.94057
   43.640438 -0.00013226853 -0.00023757276    39.001934   -72.227722   -1.9007289    4.2504005    5.7986045   -5.7272344 0.0054882774 0.0042331619    46.625877   -26.897232    127.49378   -69.347733    27.858751   -20.445223
   47.612194 -0.00059307588 0.00050098757    29.635201   -92.321541    2.5212107    7.3931174    7.6609883    3.5037203 -0.0051840027 -0.051637333    45.416973   -28.382658    125.31564   -64.331253    39.091785   -6.4100442
   51.945427 -0.00075327436 0.00071059464    32.257183   -96.129402    3.8800557    7.9184833    2.0157363    1.2741175  0.052690569 -0.013492792    45.555378   -20.942284    139.09544   -42.710304    24.616171   -17.295315
   56.673027 -0.00052461168 0.00062212354  -0.46424299   -122.00098    5.1824193    10.635313    11.184876   0.64133114 -0.013693108  0.002157704    38.310799   -25.626543    99.311317   -69.346931     30.00046   -24.645163
   61.830894 0.0026481843 0.00078930671   -37.492161   -158.98917    13.384384    11.296274    1.8680631    -38.13496 -0.059818689 0.00031444262     37.90654    -34.96566    120.99295   -87.491699     19.51409   -22.167191
   67.458183 0.0012206874 0.00077084743   -64.432045   -167.54161    20.053783    7.1892972    1.2317762    3.1155574 0.0048029502 -0.022351231    37.379398   -35.600647    108.26412   -98.249847    24.233265   -25.592417
    73.59761 0.0018418339 0.0002388249   -111.11698   -167.44496    27.145884    0.7436493    2.3158276   -1.6406121 -0.0088543845   0.01458631    30.772478   -37.122662    87.134148   -101.33965    17.488087   -21.653265
   80.295799 0.0022485093 -0.0011379378   -163.25601   -140.12607    30.701637   -11.482701   -2.2220747    1.2418624  -0.02285851 -0.022627035     30.04892    -47.98774    84.416962   -122.36565    21.503725   -33.361454
     87.6036 0.0011280496 -0.0025244416   -215.98346   -114.33758    31.236744   -27.116104   -1.3862571     2.968365 -0.0055585313  0.032992784    29.255363   -46.269913    84.809952   -112.24905    11.271143   -28.181852
   95.576485 -0.00036151544 -0.0030539229   -245.09373   -30.572884     22.16396   -39.883152   -1.5678762   0.67922014 -0.066358104 0.0049030767     14.99015   -50.546658    53.967937   -117.66637    13.792275   -35.906143
   104.27499 -0.0017488343 -0.0023275993   -242.85205    16.111866     9.034133   -51.924805   -1.3919917   0.96348721 -0.022257747  0.010425198    8.6312094   -43.895222    51.897297   -120.17578    5.0721436   -28.628212
   113.76516 -0.0031538876 -0.00096228882   -228.05815    77.775932   -10.948222   -57.407646  -0.49263471   0.71304929 -0.021965202  0.010986182   0.98588282   -53.598339    33.628025   -129.04947    6.3990626   -35.855545
   124.11903 -0.0029767714 0.00052314892   -189.13165    129.86809   -29.486738   -54.397038   -1.8267188  -0.61580849 -0.035480097 -0.015580448    3.7389915   -56.087418    26.432905   -143.71393   -6.9626951    -33.49897
   135.41522 -0.0022997963 0.0016757521    -163.3143    162.66045    -48.20525   -47.141712  0.026454739  -0.35226727 -0.011576298 0.0011153716   -7.6761317   -54.330513     6.911643   -145.27518   -7.2877269   -33.615612
   147.73949 -0.0011399552 0.0019974322   -122.47565    186.77846    -66.44352   -31.126469  -0.90461123   0.39109537  0.007949682   0.01340669   -17.216623   -53.327694    -14.39104   -146.99203   -9.5190125   -33.274448
   161.18539 -0.00044006854 0.0019547017   -81.010887    202.10829   -76.368393   -12.378934  0.072465241   0.12429699 0.0017726083  0.017737301   -26.481249   -48.182735   -39.066822    -139.8022   -14.887005   -29.318645
   175.85503 5.2054282e-05 0.0017032176    -26.75292    204.77167   -79.707298    18.466105  -0.83670723   0.40674266 -0.0054704896 0.0080463532   -40.627285   -39.737923    -75.54007   -133.81323   -17.067778   -17.299597
   191.85976 0.00061551289 0.0016108742    11.683867    204.35217   -79.078239    41.843433  -0.60117972   0.12522863  0.002423692  0.010869352   -46.563957     -32.1465   -93.793991   -122.52579   -22.741011   -19.014906
   209.32111 0.0012799279 0.0012214886    54.251072    193.64412   -66.534668    70.648384   0.73749173  0.025397841 0.0057246019 0.0074147531   -54.430931   -21.885351   -119.91249   -101.79298   -29.451368   -17.367649
   228.37161 0.0014473703 0.00070638693    91.146927    173.68016   -40.685627     96.31929  -0.28047118   -4.2707767 0.0067525995 0.0031530322   -57.041248   -6.5565042   -141.60243   -75.446671   -29.880989   -4.2963018
   249.15593 0.0015497084 -5.6284716e-05    123.11281    150.14832   -3.6234345     112.7195   -0.5836637  -0.28614631 0.0052566458 -0.0032881859   -59.287865    9.6218214   -162.17027   -37.927834   -29.632162  -0.25184637
   271.83185 0.0012675195 -0.00053188356    150.97873    126.12939    45.114231    111.87749 -0.049664345   0.29561859 0.0070204102 -0.0022134676   -52.038509    27.605993   -166.90266    12.414332   -29.412287    9.7528973
    296.5715 0.00067816227 -0.00088685378    180.31227    93.379715    95.178734     84.78096    1.0079045   0.85280299   0.00574143 -0.0054843067   -38.303844    43.612282   -154.50488    66.281059   -18.700033    19.098612
   323.56277 0.00037211477 -0.00011807358     232.6077    89.057571    120.37965    11.094905   0.17919396   0.10931195  0.003042235 -3.9165854e-05   -19.625448    52.352097   -126.43297     117.8517   -12.645893    30.903625
   353.01053 0.00042963307 -0.001806815    273.14273   -76.782494    117.46913    13.567173    0.1058219    0.6549207 0.0050879978 -0.0095418701   0.51843798    58.884415   -79.266655    153.42563   -7.5310435    26.765726
   385.13834 -0.00090892467 -0.0011885283    228.83592   -167.85027    123.99522   -66.540924   0.60914224    1.0758359 -0.0034455282 -0.0082185231     29.53636    51.922894   -5.8644524    176.75381    7.9687877    31.038145
   420.19016 -0.0011492544 -0.00056902471    193.68707   -245.84549    91.386063   -113.49121    1.8968377    0.5951817 -0.0056435536 -0.0054013659    44.253765    37.360985      46.6968    167.89197     23.94416    38.058388
   458.43204 -0.0010486036 0.00029622548     31.91173   -345.86111   -13.143505    -155.1156   0.72981131  -0.23081864 -0.0065837451 -0.00012081087    56.054691    2.2864738    140.04874     110.0257    24.505749    14.455284
   500.15439 -0.00060350413 0.0006925934   -168.57689   -349.10532   -102.62482   -122.01539   0.83654952   -1.1710268 -0.0045278571  0.002005449    46.804001    -25.62216    175.76392    28.507389    28.391052   -7.6388183
   545.67389 -3.360906e-05 0.0006968762   -373.28973    -205.9189   -156.97414   -27.591492   0.51125354   -1.4105896 -0.0017120623 0.0038258261    21.530327   -47.383266    158.05852   -75.233337     21.79785   -19.929752
   595.33618 0.00032705674 0.0005773771   -458.27725    99.119736   -127.88618    78.375053  -0.48545998   -2.0274048 0.00042120452 0.0039615058   -10.600336   -49.214817    85.234665   -153.94153    5.9146333    -21.88773
   649.51831 5.2354113e-05 0.00044906995   -276.94376    376.36981   -58.737431    140.02908   -2.5862155    1.1156911 -0.0010934675 0.0023678762   -42.757648   -29.724518   -35.207344   -172.43596    -10.98341   -27.682564
   708.63159 0.0006541966 0.00089333858    74.525764    501.69867    64.740601    140.80611   -2.6884902  -0.35880145 0.0010327405 0.0064875688   -48.331268    8.8271799   -140.23177   -104.07666   -24.472343   -8.6691465
   773.12482 -0.00033357384 -0.0022716632    443.35916    329.17551    167.44177    42.259087   -1.6815552    3.0231097 0.0052159042 -0.012526107   -23.095835    39.731903   -170.48907    31.354725   -24.150486    10.020784
   843.48761 -0.0014548161 0.00019169765    579.94849   -193.02351    122.40497   -116.55936    2.3898675    4.0579643 -0.0078017823 -0.0038326597    17.007242     39.21854   -82.444099    147.56979   -10.660362    24.729843
   920.25421 7.0959199e-05 0.00098610576    129.65508   -632.45709   -37.498749   -157.06612    5.1127963   -1.3277391 -0.003206329 0.0049916245    41.583153    8.9139662    72.050804    156.24573    13.165997    16.815971
   1004.0074 0.00073816261 -0.00013349016   -537.52667   -400.97644   -147.87628   -34.586018   0.14338723   -4.9633927 0.0038881884  0.002232265    25.254505   -31.265606    167.08025    17.440977    26.719074   -0.5270074
   1095.3831 -0.00033546734 -0.00059116329   -577.74426     371.9213   -81.800652     111.5086   -4.4634151  -0.87716973 0.00093193201 -0.0039135311   -16.514938   -35.236794    84.978477   -142.82854    6.7678709   -18.662857
    1195.075 -0.00050035014 0.00050795876    216.01863    650.90082    78.270119    110.88798    -1.260618    3.3035269 -0.0042059319 -0.00016419018   -37.472332    7.1713014   -107.43549   -127.57354   -19.451038   -17.760141
   1303.8398 0.00074546097 0.00036801194    672.17664   -119.08556    123.37939   -48.503532     2.458575    4.1888056 0.00098126987 0.0047969003   0.57489198    39.093029   -150.89882    79.849068   -15.252473    17.903008
   1422.5035 8.0634483e-05 -0.0010175764   -103.10387   -682.01819   -31.878958   -123.08999     2.674227   -3.1404374  0.005264068 -0.002859985    36.449532    1.1330239    67.253632    153.79739    13.334592    15.188061
   1551.9669 -0.0011510756 0.00043583752   -643.60815    153.27899   -130.60071    32.482174   -2.8586779   -2.5275257 -0.0053688795 -0.0047841328   -2.1674993   -38.556492    152.55658   -72.253418    18.492556    -7.700367
   1693.2129 0.0011256523 0.00077494001    275.86389    581.41193    60.889469    131.06895   -2.0017366    3.0654771 -0.0017551868 0.0077657187   -33.515236    12.356086   -99.202087   -129.22191   -20.320452    -19.15287
   1847.3137 -0.00031585674 -0.0014876568    430.97372   -467.75366    111.33212   -115.48737    3.5036039    1.6687068 0.0078203203 -0.0040643653    24.602646    26.829805   -85.593437    132.64235   -10.491953    15.627186
   2015.4396 -0.00053408829 0.0015096129   -624.13635   -150.36618   -172.06818    -20.39296  -0.70803845   -4.3921576 -0.0089832712 -0.0017605615    5.0127835   -32.053741      152.871    6.9857731    19.629595    1.1208495
   2198.8665 0.00079602218 -0.0010684994    303.28549    595.75757    123.61796    136.15761   -3.2860017     3.292254 0.0061344616 0.0044691921   -24.127758    16.329008   -88.415382   -119.77989   -6.3969111   -13.929197
   2398.9875 -0.00060353009 0.00071357854    93.339836   -705.77295   -45.934483   -172.87595    5.7675672   0.22269648 -0.0035172983 -0.0039467728     27.04867    2.1170092   -5.7747068    147.55165    2.1028218    22.656391
   2617.3215 0.00024282174 -0.00037693937   -343.83966    669.32074  -0.86094958    168.57451    -6.534132   -3.9489391 0.0015923034 0.0019281129   -25.309074   -12.929646    67.618027   -135.04332    7.7707477   -15.495798
   2855.5266 2.0725689e-05 -7.4271353e-05    408.95966   -645.78845    14.571274   -151.65221      9.83006    6.4100895 0.00030764271 0.00030317288    23.448528     19.10042   -93.030006    122.99809   -14.395288    15.999157
   3115.4106 0.0002684645 0.00045343573   -271.32275    721.60504    14.089385    139.80821   -13.097789   0.72428751 -0.0028397946 -0.00049660873   -26.378733   -15.820418     76.68531   -130.65498     8.965971   -19.496599
    3398.947 -0.00087516243 -5.2663854e-05   -85.645836   -776.50458   -75.575623   -111.59366    7.7600718   -5.9554348 0.0039810971 -0.0025240723    33.043468    2.9401507   -20.353336    149.09187   -2.5521948    19.670031
   3708.2886 -0.0013264228 0.00080529432     711.5625    487.68854    148.64027   -24.046288  -0.98702347    8.9810591 0.0050646695 -0.0065591861   -26.374464    23.970314   -85.012268   -125.30356   -11.038985    -11.23472
   4045.7834 0.00065242004 0.00015726835   -638.69214    551.26959   -11.629386    106.07027   -7.3862796   -5.2708311 -0.003506822 -0.00060883648   -20.305988   -35.954525    144.00818   -23.257015    11.171536   -4.0772209
   4413.9937 -4.481458e-05 0.00058268692   -626.87823   -419.65384   -50.120407    26.148956      5.01159   -6.1712985 0.0010962724 -0.0028898071    30.135454   -27.520803    18.359756    131.60988  -0.32335082    17.341866
   4815.7158 -0.00045052567 0.00018316675   -34.375801   -521.48236   -3.5460382    17.567055    5.7160931    2.8794174 0.0024502529 0.00076925399    33.280102    5.2426023   -97.874863    52.690197   -11.943227    6.4753156
   5253.9985 -0.00056928664 -2.0744774e-05    164.82854   -255.14436    12.234968    45.138935   0.78503782     7.171587 0.0010963655 0.0027997138    17.086555    12.841361   -88.189278   -31.276217   -4.6894894   -5.0239205
   5732.1699 -0.00050968979 0.00014435315    140.90521   -97.641098    26.275372    59.333862   -1.6494659    8.3050575 0.00035646852 0.0029257138    10.566548    10.118169   -65.101273   -53.624481   -5.7674737   -7.9451456
   6253.8599 -0.00012401471 0.00043717367    98.829643   -60.116318    56.678215    38.819229    1.5882746    9.3255186 0.0012660894 0.0024247537    7.3901644    4.8018255   -71.312851   -33.213001   -10.188462   -3.6949992
   6823.0298 0.00031640724 0.00010598752    49.111538   -93.581284    58.813435   -35.718731    10.436839    3.5006614 0.0020107289 0.00086433761    5.3027844   -1.2030352   -64.031075    33.553078     -16.0819  -0.17855994
        7444 -0.00024455981 -1.8626889e-06   -104.77608   -56.047112   -52.473797    -40.74934  -0.66785872    -11.60414 0.00077675417 -0.0020013743    0.4450641   -3.9112408    40.024429    53.489151    1.1135598    6.4847946