          40 -0.0002855818 0.00019788029     42.32531   -45.281231   -1.2149242    2.5512838    1.8213925    1.0429223 0.00038933198 0.00017576099   -17.483561    7.9692831   -82.221687    37.158138    26.847559   -15.662911
   43.640438 -6.0935909e-05 0.00072703871    34.002464   -56.576588  -0.99182403    4.9844198   0.77106899  -0.20001364 0.00072230771 0.00014910426   -15.918713    11.331594   -73.682602    38.207443    30.821907   -16.934441
   47.612194 -0.00012478248 -0.00040960257    22.353292   -58.182491  -0.98223257    4.3894248   0.42892399  -0.56141043  0.029961476  0.027732423   -5.7936826    3.2016914   -48.448681    40.532967    28.683521   -19.769495
   51.945427 0.00010125487 -0.00095575512    25.500381   -49.109825    4.9448924    6.0632739   0.82389706  -0.25492698 0.0069609513 0.0096765431   -21.198046    10.381264   -92.813873    92.657364    29.830921   -11.825171
   56.673027 -0.00059673755 0.0017338392    4.6899624   -90.459068    6.1577196    9.6390114  -0.47701725 -0.076469734   0.01432253 -0.013463982   -7.4320207    13.043946   -20.053862    16.424404    33.493389   -25.077625
   61.830894 0.0039212289 -0.0013845994    0.5181129   -126.00151    15.215915    6.1709094  -0.85780925    -5.727756 -0.019937217 -4.4435063e-05   -13.217718    11.177048   -73.109047    29.075005    21.179625   -32.497047
   67.458183 0.0013195419 0.00040714612   -40.647614   -116.16196    14.559798    5.4752045   0.41456845  -0.25894108 -0.0065210443  0.008281677   -20.597378    14.111757   -66.488815    57.770279    18.410349   -20.204401
    73.59761 0.0014488891 -0.0014015436   -68.803146   -115.30709    20.287012    1.1728646  -0.04517151  -0.77183557  -0.01729957 0.0069292318   -7.2605085    17.292515   -54.398418    66.846512    26.974407   -24.653969
   80.295799 0.0020915444 -0.0018063372   -109.36565   -108.88969    22.923437   -6.8743272   0.15935701   0.42577738 -0.0021171281 0.0092296731    -8.235383    15.674532    -58.21648    64.051994    20.595888    -30.26399
     87.6036 0.0011755397 -0.0028580062   -134.49309   -83.155632    23.014746   -17.495756  -0.41790658   0.16276032 0.0070609967  0.024205001   -17.272181     13.60155   -53.166706    63.140354    8.5421076   -32.979729
   95.576485 -3.5354562e-05 -0.0023098991   -163.21312   -55.258614    19.802086   -28.939922  -0.61040312 -0.091486894 0.0019886657  0.038880285   -9.2838869    16.515068   -36.051929    64.808067    12.739469   -32.841892
   104.27499 -0.0016132509 -0.0023980436   -177.38249   -14.231431    11.349602   -38.030804   0.36071816  -0.47539788 0.0028985671  0.030558031   -9.5368948    16.549345   -25.195223    80.316551     6.531878   -32.376297
   113.76516 -0.0032602765 -0.0024624886   -182.09721    24.399611   -1.4971458   -43.385311   -0.5146423  0.020447657  0.012786453 0.0082699684   -4.8714085    19.304098   -19.633972    85.327141    8.9560642   -34.184402
   124.11903 -0.0027533199 -0.00070420129    -165.5403     74.53701   -16.383739   -46.122787   0.67664444  -0.52117389  0.013404852 0.0063805813   -5.8641257     27.02284    -17.22728    82.870514    -10.87157   -21.828896
   135.41522 -0.0028363916  0.001080223   -142.91115    107.80845   -33.361156   -42.689045  -0.13551837    0.2156955   0.01243974 -0.003697858    3.0505114    22.000755   -6.4281402    94.985397   -9.1202908   -36.669983
   147.73949 -0.0023707333 0.0015599235   -118.70417    132.56499   -48.429222   -35.297855 -0.074088939  -0.69858277 0.0086852796 -0.002967817    4.4936604    20.991377    3.4894927    92.394547   -6.9484096   -30.074556
   161.18539 -0.0015377087 0.0022228651   -80.365585    155.71956   -62.057888   -17.814892  -0.72366518    1.0780876 0.0012254268 -0.0039288467    10.389416     17.56476    24.119263    87.354713   -17.642292   -32.050735
   175.85503 -0.00092805998 0.0024641708   -41.756268    163.83983   -69.189789   0.98928022  -0.37859982    -1.239442 0.0019054059 -0.0079591079    12.047971    17.334187    37.715385    86.316414    -26.78558   -23.491184
   191.85976 3.5461893e-05 0.0025598051   -6.4749169    167.48828   -72.200386    25.485929  -0.98833299   0.24856012 -0.00011739423 -0.0095731579    16.176065    14.496314    55.092686    81.799042   -23.530418   -19.522987
   209.32111 0.0012151356 0.0024657059    29.901457    159.62245   -64.288651    52.462784 -0.058820881  -0.28996706 -0.0016206451 -0.0086995121    19.563105    11.955095    70.673569    69.935982   -31.227623   -16.828167
   228.37161 0.0020490305  0.001889047    61.921719     150.1362   -45.574951    77.286301    1.3894769    4.1822038 -0.010155547 -0.012629374    22.420441    6.0351644    89.431564    56.426811   -34.669502   -10.290765
   249.15593 0.0024060309 0.00057951774     94.95372    126.29824   -14.594506    95.606148  -0.43741515    0.1225457 -0.0067355675 -0.0046447618    21.560938   -1.0276424    101.26284    28.826008   -27.370026    3.8258746
   271.83185 0.0022138371 -0.00042563034    118.33565    97.953171    28.725189    102.17266  -0.36899534  -0.51480252 -0.0089876605 0.00045166051     20.61079   -9.2353182     108.2962   -3.1879735   -35.140675    9.0226002
    296.5715 0.0017144454 -0.0011948122     141.7641    86.292709    74.967575    87.168793   -2.5064764 -0.0023440572 -0.007001631 0.0031963314    18.211817   -15.075896    104.62904   -32.300674   -27.465651    17.359804
   323.56277 0.0011100512 -0.00099229324    178.37221    75.426476    106.88448    21.361483  -0.47487611    1.2402141 -0.0058029834 0.0024801497    10.273675   -20.760395    87.691498   -65.211601   -18.972301    29.611145
   353.01053 0.00065892446 -0.0025425055    214.73953   -45.121815    98.777275    20.436539  -0.62129855 -0.026763782 -0.0050293133 0.0087711187    1.4176099   -22.758629    58.329037   -93.330032   -3.1556466    33.455223
   385.13834 -0.0011701711 -0.0021839612    189.51091   -123.15855    114.49947   -45.134239    1.6220436    1.2312067 0.0023010254 0.0090538533   -9.0503798   -22.513624    14.790255   -112.15941    2.8508544    31.163227
   420.19016 -0.002002879 -0.00069763057    100.94283   -229.99396    51.426132   -131.93111   -2.8735967   0.72004735   0.00652416 0.0046558259   -26.899502   -15.588826   -69.168182   -106.59166    25.405928    8.6782417
   458.43204 -0.0016118883 9.1696864e-05     38.24902   -257.01428    3.5711441   -135.07001    2.1619523  -0.22257689 0.0059009888 0.0016662314   -21.810499   -2.4769723   -79.446045   -76.816986    27.438755    10.367078
   500.15439 -0.0012530183 0.00092015718   -118.66403   -288.19885   -82.702606     -117.498   0.85625637   -1.9817003 0.0055845277 -0.0015901068   -19.920206     9.270668   -112.32408   -27.646881     31.83626    -3.726999
   545.67389 -0.00034056307 0.0013150894   -297.15509   -180.37067   -138.27832   -37.584717 -0.042378474   -2.4468997 0.0029901234 -0.0041393032   -11.211056    20.195145   -112.06956    39.655556    24.566353   -26.896122
   595.33618 0.00043162328 0.0011121001   -386.22791    64.730026   -123.41646    65.003929   -1.7301222   -1.6494882 0.00022511398 -0.0044945697    4.5150356    22.542753   -66.057327    98.489265    9.7203646   -28.355719
   649.51831 0.00054830807 0.00072630955   -244.50583    296.21606   -67.150131    125.36238  -0.26575503   -0.8483972 -0.00065874867 -0.0033342268    18.747927    13.682049    10.859642    123.82808   -14.135886   -27.919098
   708.63159 0.0012059072 0.0006787508    42.282085     423.2309    49.743912    134.78009   -2.0800896     1.135877 -0.0028205507 -0.0043740198    22.118938    -3.394469    90.597733    82.670776    -23.59436   -14.068522
   773.12482 8.1402868e-05 -0.0025699083    362.92041    293.51968    152.90527    50.063236   0.51984036    2.3767622 -0.0051592556 0.0081220008    12.097161   -18.855762    124.69527   -12.180247   -27.673328    10.066061
   843.48761 -0.0015210599 -0.00033167389    498.72079   -141.76631    120.19514   -101.74686    2.3977361   0.99903703  0.003994599 0.0041966704   -8.0518665   -19.174885    70.112251   -102.05344   -7.5961847    28.374268
   920.25421 -0.00041192758 0.00082165404    130.72343   -524.61127   -25.096394   -146.83327    1.9635298   -1.3308253 0.0030307395 -0.0016037863   -19.245169   -2.7652044   -43.203712   -114.15143    17.270002    24.813528
   1004.0074 0.00037903053 0.00024043019     -443.853   -349.29608   -134.81891   -43.520123   -0.3561168   -2.1872549 -0.00049802806 -0.0016169157   -12.206141    16.219177   -122.34232    -21.78936    23.804001   -3.9712036
   1095.3831 -5.2993793e-05 -0.00018556879    -491.8988    302.04065   -84.153961    99.854256   -1.8960819  -0.92250091 -0.00033475255 0.00064158248    10.938755    16.032013   -69.692627    102.07381    13.029307    -21.76247
    1195.075 -8.4778119e-05 0.00040045049    168.07549    560.26758    65.987846    106.38095   -1.0818063     1.972525 0.0013254471 -0.00077146554    17.490387   -5.5724869    75.339577    97.856377   -20.691517   -17.063513
   1303.8398 0.00072439265 -2.4402812e-05     574.1925    -100.6005    114.08527    -35.03701     1.522619    2.6506195 -0.0017289526 -0.0020666227     -1.69164   -18.012938    113.09198   -53.480507   -22.460312    15.641034
   1422.5035 -0.00025655044 -0.00094963296   -74.032715   -565.11578   -20.834135   -119.34071    2.4427881   -1.4170158 -0.0024219682 0.0027140151   -16.775602    1.8583308   -43.611446   -116.79701    11.307749    23.219011
   1551.9669 -0.0010762716 0.00072702486   -557.23022    123.86936   -126.21064    22.266493   -1.6142639   -2.8497241 0.0042348029 0.0022698306    3.5061231    16.318678   -115.28833    49.995705    22.875999   -14.880774
   1693.2129 0.0013753438 0.00074429164    236.59749    508.98315    46.970024    127.43031   -2.8829579    2.0798159 0.00065549306 -0.0057317028    14.428644   -7.2539496    70.221146    100.97196    -18.97847   -16.557154
   1847.3137 -0.00040857345 -0.0017222937     381.1825    -391.4014    111.68185    -105.1832    3.2133863    2.6170645 -0.0056769093 0.0031261437   -12.568438   -9.6892195    69.087234   -99.588753   -15.683558    23.738811
   2015.4396 -0.00068772183 0.0016889143   -538.33588   -129.45522   -162.61821   -30.571957   0.50376678   -4.4578829 0.0064035677 0.0015622334   -1.1745787    14.773081   -118.51669   -7.8839931    22.412544   0.35014558
   2198.8665 0.0011498618 -0.0011336136    273.06235     504.6467    109.17564     133.8447   -4.1195765    3.4837804 -0.0041231858 -0.0040974207    11.434222    -10.68455    68.350014    92.038231   -14.473668   -14.448315
   2398.9875 -0.00086309185 0.00056322193    64.485504   -569.07092   -33.584366   -159.42981    5.7728167  -0.74190819 0.0015449161 0.0033011865   -13.140044     4.662075    2.5836537   -106.60577    3.4621191    17.445795
   2617.3215 0.00056580332 -0.00014797707   -258.08798    582.10602   -11.430587    149.63054   -6.6847496   -1.3635508 0.00010603357 -0.0020731653     13.43784    3.0841897   -47.900475    104.07237     1.387318   -15.633484
   2855.5266 -0.00037512739 -0.00024904922    304.42038   -558.05267    24.514336   -129.48581    7.7300673    2.0298481 -0.0013860189 0.0007394937   -12.621047   -4.2871103    63.356239    -91.21109   -13.896247    24.042789
   3115.4106 0.00066666107 0.00050059747   -184.98799    601.53186   -3.7441082    119.27628   -7.7737298   0.12227852 0.0028022893 -0.00062765757    13.760453    2.1027367   -50.624454    97.118652    7.8601713   -21.008242
    3398.947 -0.0012001877 0.00015801711   -118.86045   -616.87891   -45.332817   -101.77016    6.9145141   -3.6673779 -0.002980507 0.0028415662    -13.99394    3.7479718    9.6348705   -108.12444   -2.1182172    19.334858
   3708.2886 -0.00040206927 0.00024960013    576.19647    321.03772    105.79049    6.0505691   -1.8120484    6.9181018 -0.00096247031 0.0012607768    3.9205525   -12.761589    63.354454    81.731827   -7.3777585   -20.741629
   4045.7834 0.0010535331 0.00026056619   -442.50934    410.41119   -42.354622    59.122776   -5.6817942   -4.5164299 0.0035389871 0.00063751423    11.383728    9.7889576   -95.004807    16.086424    15.007836   -3.2892265
   4413.9937 1.0741721e-05 0.00097814191   -447.06833   -317.14279   -27.034847   -18.959692     4.127769   -5.2417698 -0.00087760942 0.0031010716   -6.5352435    13.617238   -10.168691   -89.164154   -4.1540365    14.054081
   4815.7158 -0.00075517065 0.00060475816   -6.3680949   -417.65692    24.676641    3.7715168    4.9292665    3.1124859 -0.0031987962 -4.3621087e-05   -10.616913    1.3273709    74.677711   -32.281876    -13.62588    6.3494658
   5253.9985 -0.00086190348 0.00023250672    145.42731   -208.03581    30.628477    47.129028   0.59749299     5.976881 -0.0018607154 -0.002331001   -6.9325404   -3.0168552    67.871445    29.790701   -16.303236   -4.9092937
   5732.1699 -0.00069592235 0.00040487098    118.69224   -79.995628    37.152676     62.37022   -1.8945354     7.569366 -0.0010378396 -0.0026175054   -4.0300331   -2.9610548    50.374947    44.230194   -10.915158   -8.6655321
   6253.8599 -0.00012838279 0.00068816496    82.790894   -48.225273    65.939651     38.81868    1.9227699    8.7345524 -0.001441828 -0.0022291129   -2.7114823  -0.72509015    56.995468    26.609062   -11.304006   -3.8369746
   6823.0298 0.00055047002 3.2425058e-05      43.9958   -81.565971    62.704895   -42.315006    9.6804953    2.9361172 -0.002238248 -0.00031581201  -0.97894186   0.46373138    50.907108   -28.404263   -6.0177913  -0.22373118
        7444 -0.00034911849 4.1220832e-05   -88.407059   -41.313828   -56.566425    -42.95853  -0.40467343   -9.8792686 -0.00046553215 0.0018847322   -1.5875725   0.71900636   -34.182087   -39.813457   0.05912612    6.6684818