          40 -1.8351717e-05 0.00093339157    32.661503   -42.248493  -0.60394108    3.3836687  -0.25385723  -0.33613083 -0.0065138801 -0.009477254   -23.278069    10.788066   -94.048515    41.618141     27.13689   -16.608793
   43.640438 -0.00033112295 0.00025289337    34.163502   -52.578529   0.01024192    4.6164355    1.8082253    0.1795873 0.0026046874 -0.00051352073    -23.63558    13.907959   -94.308044     47.56292    30.314552   -19.459888
   47.612194 7.0220733e-05 0.00065687386    16.659992   -76.692795     1.198591    6.2494783  -0.64313847  -0.10036025 0.0061436151 -0.0047980589   -21.432291    13.573628   -93.885597    43.645477    27.808346   -19.318773
   51.945427 0.00034852253 0.00033358595    10.617282   -84.988174    2.6426921    6.2074084  -0.23066208   0.74102724  0.027545093  -0.03041428   -26.133112    18.919144   -110.41405    63.666397    28.293274   -22.989779
   56.673027 3.529985e-05  0.001409826    10.058424   -105.42589    6.1612515     6.963531   -1.1087868   -1.6078507  0.020916309 -0.00060874166   -21.604542    14.573336   -98.308861    41.507751    21.841904   -22.787598
   61.830894 -0.0004922307 0.00042109907   -13.106696    -110.9335    10.602188    7.2152834   -4.9192939    3.7843645  0.017730711 0.0093485508   -16.987337    16.670353   -76.844833    71.302536    28.473368    -23.50843
   67.458183 0.0015826465 0.00029904942   -41.628754   -123.02381    15.349612    5.9117808   0.45454341  -0.67386973 -0.0047426573 -0.013665074   -21.560614    17.943985   -91.413513    71.279678    17.198372   -28.577681
    73.59761 0.0021533244 -0.00063171214   -73.737671   -128.42795    20.448202    1.9441022   0.78032279   0.85427076 -0.0053310017 -0.012128268   -18.995832    18.650043   -80.932396    75.636925    18.531559   -23.690548
   80.295799 0.0019811892 -0.0017284197    -110.1565   -115.21853    24.868971   -6.6127849   0.51432228  -0.71804845 0.0079146139  -0.04298671    -15.10897    26.479811   -68.903694    103.39843    17.749598   -27.924021
     87.6036 0.0011408341 -0.0023690094   -143.21922   -93.031784    24.820728   -17.679476  -0.65116262  -0.74276072 -0.023474006  0.035610121   -10.870594    20.630028   -56.630154    72.076622    12.533665   -32.485783
   95.576485 -0.0004344871 -0.0033159931   -185.05919   -54.013123    21.214104   -27.919008   0.33063763  -0.16085859  0.007234022  0.020224553   -14.337103    19.523729   -60.987244    80.891945    10.968965   -31.079979
   104.27499 -0.0016123418 -0.0027789371   -186.78116    -14.21182    13.252073   -38.598259   0.55701977   0.25972325 0.0012607676  0.030440336   -9.4858532    37.798145    -29.55681    102.88708    7.9345231   -31.164408
   113.76516 -0.0026924007 -0.0019360365   -180.16899    28.239475   -2.6911869    -44.62664  -0.96800572   0.13672081  0.016643947  0.032100786   -3.2914214     28.04954   -20.376513    100.51315    11.418065   -35.363323
   124.11903 -0.0035803539 -0.00037971436   -172.32085    79.559547    -17.76792   -45.972507  -0.47497937  -0.37985244  0.019957684  0.020631416   -5.8627405    21.733269   -26.484531    94.396858    1.8753909   -32.960796
   135.41522 -0.0029353099 0.00088153535   -145.21025    113.49297   -35.263954   -44.454193  -0.40122962 -0.079877056  0.014089189 -0.007902381    2.3493812    29.878983   -8.7899837    116.56365   -4.6324577   -30.642979
   147.73949 -0.0023183164 0.0016841477   -116.80811    139.67024   -49.585892   -34.111168 -0.083368041  -0.33986062  0.013202359 -0.0069268728    6.2205629    28.285366    8.3723593    114.13267   -15.527501   -38.196346
   161.18539 -0.001381158   0.00219641   -76.626236    164.22517   -64.570396   -18.855385  -0.36399552   0.27322459  0.016742563 -0.016527174    9.4083138    27.755505    21.101566    112.39346   -17.274204   -32.489975
   175.85503 -0.00072644296 0.0023809026   -37.836979    170.10545   -70.240479    1.4632412  -0.84305924   -1.0898314 0.0065550082 -0.016429337    18.211342    25.384865    46.835442     108.8933   -23.503668   -23.797281
   191.85976 0.00021218506 0.0026123386    1.2448524    172.74973   -75.148399    27.193047   0.38844302  -0.59755296  0.004374438 -0.013981935    23.436611     21.65234    64.143082    100.19173   -24.221329   -20.475359
   209.32111 0.0012130347 0.0022989791    36.020588    161.27051   -65.447334    56.005478   0.19571622 -0.055024065 -0.0034993785 -0.010615044    26.521917    14.308346    86.877068    83.279404   -29.825392   -13.394217
   228.37161 0.0020138568 0.0014662346    71.064445    148.15129   -46.000526    81.053856   -12.756149     2.389509 -0.0098853977 -0.0073025329    31.759905    6.8194661     110.0052    62.047783   -35.017311    -7.730845
   249.15593 0.0022174919 0.00052188808    95.040512    130.60796   -13.972363    97.091064  -0.71208334  -0.68411571 -0.010725622 -0.0026028354    31.533024   -2.0374405    123.61289    31.975281   -35.090508    2.0067594
   271.83185 0.0020318348 -0.00045772208    123.71162    100.88292    28.903835     104.5691  -0.58155197  -0.26859868 -0.010727462 -2.7062624e-05    30.671562   -12.221318    130.48495   -2.0807128   -31.295454    8.8680048
    296.5715 0.0014444987 -0.0013659659    159.89059    65.429176    95.806664    82.795906   0.32057187    14.546758 -0.0084787244 0.0053420495    26.857407   -26.164307    136.12729   -61.243118   -28.836294    37.085842
   323.56277 0.00099036936 -0.00080320146    174.85797    79.602325    109.53326    20.005249  -0.81798398    0.5016253 -0.0051875217 0.0031821101    13.635882   -28.353424    103.79851    -81.44326   -15.136122    27.384912
   353.01053 0.00062833482 -0.0023336885    217.40393   -40.721069    99.289429    20.749849  -0.86722136    2.0187368 -0.0055593695  0.010417851    3.5117743   -33.134026    71.975288   -114.60899   -9.3159857    29.807495
   385.13834 -0.00098923373 -0.0019267352    189.42363   -127.41831    119.46938   -47.305702    1.3095976    1.9511436 0.0015960869 0.0099410238   -13.438434   -32.230549    16.657759   -141.68286    7.7536311    27.243639
   420.19016 -0.0016002324 -0.00094825204    147.68311   -209.19223    77.828163   -108.34542    1.8709795   0.88664502 0.0060994271  0.006654839    -24.63163   -20.915598   -43.492329   -132.49075    17.630064    27.665007
   458.43204 -0.0016658988 0.00014285739    38.782333    -281.1506  0.024479149   -143.53476    1.7658079   0.11476522 0.0075167972 0.0017925493   -33.114265    -4.532752   -105.23801   -98.433708    28.479481    11.898488
   500.15439 -0.0010277262 0.00090974715   -128.11923   -290.67651    -83.69442   -118.02828     2.098824   -1.5951545 0.0065376135 -0.0023864803   -29.763176    12.658185   -139.46002   -33.338093    25.379805   -3.2201982
   545.67389 -0.0002293732 0.0012228056   -307.06653   -189.39633   -143.11354   -37.064075   0.15773378   -1.7596812 0.0032036665 -0.0052107363   -15.794884    27.986073   -134.06841    49.678314    24.233114    -17.99585
   595.33618 0.00038649989 0.00096028828   -382.67056    63.771843   -126.06453    62.961945   -2.0244014   -1.2576666 0.00010418014 -0.0049095331     5.100235    30.870741   -81.025726    120.53542    8.3886604   -28.643139
   649.51831 0.00047719496  0.000628168   -244.29587    296.31436   -66.235336    127.86648    -1.051248  0.030375555 -0.00073989393 -0.0037459729    24.558884    19.364588    15.855825    147.22566   -11.504537    -25.69751
   708.63159 0.0010656187 0.00071321009     38.61816    427.75647    52.124378    136.91159   -1.6718817     1.702956 -0.0029048559 -0.0054857638    30.467516   -3.9244716     111.4734    98.787926   -24.731308   -13.948465
   773.12482 3.3846667e-05 -0.0025427006    365.29544    307.70523    155.06065    51.008781  -0.25655755    2.2906556 -0.0063724029  0.010381425     15.63747   -25.335209    148.43326    -15.04793   -30.245388    9.7461567
   843.48761 -0.001503165 -0.0002316162    504.56741   -144.85567    123.87975   -103.20305    2.3121717   0.85341352 0.0053878766 0.0048684319   -10.085985   -26.517208    82.314095   -121.77963   -10.789371    27.303654
   920.25421 -0.00030369771 0.00090964447    125.66196   -555.32367   -26.593338   -148.78276    1.9264404   -1.6221106 0.0037085679 -0.0026168481   -26.296389   -5.4061213   -54.417461    -137.6593    16.956076    22.729628
   1004.0074 0.00049125595 0.00014682741   -455.23004   -356.49564   -135.65408   -42.408501  0.018916156   -2.2456124 -0.0013675482 -0.0020289654    -16.71258    20.158634   -146.65427   -24.556654    25.813812    1.5144391
   1095.3831 -0.00010089661 -0.00027743075   -495.38391     297.7417   -86.469925    100.40071   -1.8025486   -0.9126358 -0.00056464149 0.0012848674    11.626344     21.32622   -83.586708    120.35218    13.255287   -28.403873
    1195.075 -0.00019503877 0.00041410796    175.30885    559.64526    65.825836    107.90427   -1.4263059    1.8044823 0.0020616991 -0.00061377673    23.186966   -5.7728853    88.650887     115.7465   -20.425375   -18.068375
   1303.8398 0.00069596973 6.2389423e-05    584.61298   -100.98547    116.48676   -37.866455    1.5389128    2.4101326 -0.0018179405 -0.002785746   -1.7556852   -22.399111    135.03984   -63.886982   -18.732983    17.619713
   1422.5035 -0.00019232191 -0.00097087678   -86.286049   -573.16614   -20.688507   -122.22243    2.6236043   -1.7400649 -0.0033575397 0.0032828224   -23.909491   0.86505777   -53.697704    -140.5546    11.314485    17.678122
   1551.9669 -0.0010876211 0.00065250625   -560.39832    129.39404   -127.90878    20.806162   -1.2046409    -2.912915 0.0051092408 0.0030948443    2.2541566    23.019882   -138.29549    57.610497    23.088013   -13.799543
   1693.2129 0.0013026838 0.00073601183    234.13766    507.53711    50.993534     129.6944   -3.1030521    2.0973377 0.00091235409 -0.006957626    19.424299   -9.6106644    84.227516    121.52721   -17.510448   -20.478159
   1847.3137 -0.00040275333 -0.0016533947    385.72531   -406.00443    113.37712   -106.12759    3.1197534    2.1560123 -0.0068989927 0.0038667789   -16.056257   -13.493441    80.830437   -118.78704   -11.561586    25.452875
   2015.4396 -0.0006527871 0.0016473754   -554.82129   -137.43709   -164.20695   -28.663883  0.057045709   -4.6067429 0.0079395631 0.0018559926   -2.3910623    18.524546   -142.20259    -9.234745    26.510529   -3.8708704
   2198.8665  0.001024566 -0.0011535018    278.55341    527.56134     111.1641    137.17578   -3.8297267     3.530798 -0.0053624865 -0.0046488196    14.861839   -11.233195    83.175781    113.14822   -11.082056    -19.21488
   2398.9875 -0.00083537429 0.00064382941     61.23452   -623.45331   -36.537209   -160.91306    5.5720572  -0.74463719 0.0023733405 0.0041803876   -17.490992    1.5001246      1.20252   -137.67461    1.3120342    20.845293
   2617.3215 0.0004537458 -0.00019873939   -266.07947    588.35699   -13.490267    151.67352   -6.3734365   -1.6599803 -0.00023387776 -0.0022166423    16.706234    6.7490234   -59.892876    123.43653    8.4685898   -20.414272
   2855.5266 -0.00026274548 -0.00023100812    309.31155   -563.17743    25.126354   -131.38452    7.3290067     1.902474 -0.0014598309 0.00054242683   -16.114689   -8.8924723    78.942726   -110.65029   -12.589829    19.866816
   3115.4106 0.00059977593 0.00051166303   -185.46371    621.01819   -4.4825835    120.53362   -7.9184813 -0.030587312 0.0034122861 -0.00054968399    15.925417    6.1002297   -61.583824    115.87243    7.6313882   -17.946194
    3398.947 -0.0011617364 0.00011439035   -120.44189   -635.15234     -49.7024   -103.89594    7.3823485   -3.6282372 -0.0037659551 0.0033685712   -19.788807    3.0357256    11.717606   -129.59406   -3.1611357    19.442537
   3708.2886 0.00029807509 0.00060904934     596.9541    343.27393    115.66985    2.2085507    -1.033137    7.4466004 0.0021157486  0.001977331    8.4133186   -17.139257    75.625618    98.923607   -13.229569   -16.603895
   4045.7834 0.00094051973 0.00030544528   -471.39331    445.01828   -35.156258    67.889893   -5.9729366   -4.6431475 0.0040317387 0.0010459459    13.292186    14.935085   -118.67556    21.634125    25.188787    2.3392932
   4413.9937 5.1109186e-05 0.00091748458   -485.42413    -330.7196   -32.128113   -11.357638    4.3228974   -5.2729511 -0.00087820331 0.0037416965    -11.12708    15.417456     -13.6775   -108.66223   -1.2673012    16.361731
   4815.7158 -0.00071016379 0.00051587779   -4.7196674   -420.23172    25.133396    5.7321911    4.7617488     2.923197 -0.0036756846 -0.00022960476   -13.228319   0.71369272    88.412605   -39.777573   -11.684786      2.54459
   5253.9985 -0.00080790924 0.0001692954    144.20247   -211.64088    29.881155    47.104858   0.25187072    6.0283942 -0.0020174545 -0.0028654123   -8.7756319   -4.4478769    79.752159    33.591507   -13.888386   -7.6590466
   5732.1699 -0.00066676841 0.00035669655    121.64005   -80.935814    37.312462    63.480282   -1.7615956    7.6676826 -0.0011280614 -0.0031659512   -3.4814746   -3.9325681    61.605343    51.763527   -6.9731746   -12.802606
   6253.8599 -5.0902087e-05 0.00061458739    84.834213   -48.068611    65.598343    39.791489    1.4314822    8.5573101 -0.0018579421 -0.0023211914   -3.7542677   -1.1035627    68.377922    31.612829    -4.314302   -8.7578516
   6823.0298 0.00055706594 3.7017224e-05    41.990639   -82.455078    63.221603   -42.388279    9.5266714    3.1232584 -0.0028733057 -0.00042344231  -0.54812104  -0.57634515    60.943226   -35.461376   -12.709875   -5.5866737
        7444 -0.00031877781 3.8289552e-05   -89.682182   -45.429188   -56.080097   -42.203743  -0.45956028   -9.2342024 -0.00052410254 0.0021862774   -2.1087952    1.3627619   -41.438091   -48.084225   -3.8675818    5.8383207