          40 -0.000547748 -0.0001547432    34.272106   -42.438129  -0.68279248     2.959976   0.16131695   0.99964142 -0.00047862667 0.00026231774    14.113205   -6.1443381    35.184853   -16.065186     29.43228   -17.501816
   43.640438 0.00011681615 0.00019789327    36.632885   -61.255718  -0.45383599    4.4332805   -5.1509666   -0.9653278 0.00049054006 0.00033222511    13.510611   -8.0955915    33.045612   -18.539404    29.121048   -18.141041
   47.612194 -0.00062670599 0.00018549996    19.067997   -67.596222    1.7161542    7.0347195    1.6977963    3.1754909 -0.0021399148 -0.0010252772    13.486917   -7.5854635    33.434406   -14.850507    26.957157   -18.968891
   51.945427 -0.00053245388 0.00070849952    18.437111   -87.552162    2.3768923    9.0117826    2.6782513     5.042654 -0.0043839063 0.0041424935    13.453945    -5.008399    32.199772   -14.102428    26.006811   -17.754402
   56.673027 0.00011376376 0.00045950801    18.580881    -106.3932    5.6028323    8.9723463   -2.8178468  -0.73757154  0.004301812 0.00099723088    13.876746   -7.2839613    38.851856   -20.430996    23.776201   -22.158737
   61.830894 0.0007741591 0.0018255159   -18.564972   -126.51128    12.438229    6.5599537    13.553414   -15.013243 0.0037082597 0.0018923079    12.588756   -9.8760729    30.736362    -23.33946    26.525753   -26.486168
   67.458183 0.00062071421 0.00095599884   -51.663361   -121.78124    16.357227      4.60671   -3.8446043    -6.931344 0.00097463129 0.0043609911    9.3269358   -10.157077    26.014086   -25.389381    17.916937    -26.96641
    73.59761  0.001176006 0.0007581446   -86.236626   -124.22621    21.463875  -0.53426957    2.1621654    1.4060142 0.0027224123 0.0029106184    10.371501   -11.343493    25.108393   -26.536261    20.652872   -28.081324
   80.295799 0.0014357354 -0.00017230657    -122.9723   -118.76464    25.768629   -8.4052305   0.49610624   0.27763721   0.00189691 0.00075106276    7.9497461   -11.449716    23.385307    -28.83581     18.11342   -31.098635
     87.6036 0.0014128184 -0.0010171103   -158.62579   -91.080307    24.868534   -19.638649     1.258036   -3.1283135 0.0027981277 -0.0038510109    8.3226891   -16.226759    21.014143    -33.36272    13.631385   -34.416584
   95.576485 0.00028823924 -0.0017648132   -188.82426   -39.571178    18.892103   -34.519524   -1.1574305  -0.77948785 0.0016894829 -0.0033092932    7.8066268   -15.370738    22.661959   -36.289986    11.616229   -31.780752
   104.27499 -0.00055651454 -0.001319039   -192.34061    6.6220431    5.9782324    -43.58255     1.044962   0.92905903 0.0012317465 -0.0038696222    5.3608704   -16.193342    16.458788    -37.73642    8.7419558   -35.913544
   113.76516 -0.0012036863 -0.00095860549   -186.39656    35.523033   -4.8296914   -48.686523  -0.23162201    3.1166384 -0.0030261532 -0.0054316223    2.3504255   -14.055499    10.923653   -35.158344    4.1133952   -31.324011
   124.11903 -0.0013395419 0.00032199701   -169.41154    94.452591   -21.072689   -48.354679   0.38624373    2.2036364 -0.0048432117 0.0007996409    1.0536164    -14.51233    4.3988538   -36.167961  -0.52491617   -35.252178
   135.41522 -0.00056639174 0.0010473033   -143.13861    121.51762   -38.229465   -41.742496  -0.66632497   0.30318451 -0.00098695292 0.0023046506   -1.3210351   -16.228996    2.5725062   -38.804127   -7.1194282   -36.660011
   147.73949 0.00035638083 0.00098709238   -110.88692    144.24886   -52.298855   -30.531569 -0.057255723  -0.10939964 -0.00013522945 0.0018428953   -5.0954633   -15.424789   -4.0313544   -39.563427    -8.461298   -28.758232
   161.18539 0.00063486665 0.00069223979   -77.472748    165.13271   -65.477119   -15.802122    0.1682768   0.13936906 0.00039233902 0.0012260467   -9.2147436   -15.258962    -11.81931   -40.478123   -16.009121   -28.155058
   175.85503 0.00073565176 0.00029668619   -45.284481    168.01416   -72.039513   0.77045631    1.2633789   0.73557621 0.0014767474 0.00054184569   -10.395093   -12.859971   -15.690347   -37.555141   -18.237095   -21.442789
   191.85976 0.0008234097 -0.0001995967   -3.2135425     171.6031   -72.676323    31.309162   0.34101313   0.31177601 0.0013809577 -0.0002465001   -14.363053   -10.712586   -25.859615   -34.725533    -23.98711   -23.882566
   209.32111 0.00085043884 -0.00052340847    37.091217    167.46786   -62.783928    56.525951  -0.11708072   0.72852099 0.0016718417 -0.00067511224   -16.181168   -6.1428356   -34.111813   -28.447252   -27.856878   -12.990562
   228.37161 0.00054862088 -0.00082097651    66.538162    151.34219   -41.009563    83.042732   0.85210985  -0.21489759 0.0010571096 -0.0013415129   -17.597549   -2.2294126    -40.34203   -19.917641    -29.12476   -5.3330379
   249.15593 3.418198e-05 -0.0010800076    99.975777    134.92921    -7.521904    98.827667  0.011900603 0.0090269344 0.00069891021 -0.0027614224   -17.265284    2.2229309   -44.037754   -8.5666046   -33.972965    4.0751677
   271.83185 -0.00066459132 -0.00096893893    123.47913    111.53444    31.268679    101.07635   0.41572157   0.40290979 -0.000887156 -0.0021723979   -15.414913    7.8162389   -45.545471    3.7479539    -31.02813    10.314746
    296.5715 -0.0012695367 -0.00042176704    151.15399    90.159851    78.035751    84.920807  -0.89017129    1.0617057 -0.0022462825 -0.0013430291   -12.204226    12.575298   -43.219727    17.827829   -29.407366    20.792999
   323.56277 -0.0010448744  0.001263518    190.72839    78.369553    109.17747    16.335114  -0.24262531   0.43539247 -0.0024882059 0.0018734172   -6.0254688    16.094622   -33.897194    33.196991   -15.277908    28.989883
   353.01053 -0.00015620088 0.00014512555    236.48503   -59.805206    104.60472    18.548668  -0.30119136    0.3040053 -0.0003554172 0.00020982187 -0.088058069    18.786081   -20.835531    43.484169   -4.9180679    31.693588
   385.13834 -0.00030587349 0.00060793635    201.17772   -134.49757    115.84458   -52.640011   0.24437219   0.39393964 -0.00089114602 0.0010719985    8.3170986    16.502901   -1.1490009    49.309032    10.500756    28.897055
   420.19016 2.6154064e-05 0.00080570026     148.9006   -216.56779    76.722916   -110.80791   0.60256398    0.2833097 -0.00040424234 0.0015237214     14.80867    10.417718    20.685076     44.14711    21.086197    25.547913
   458.43204 0.00054695422 0.00056494377    33.072327   -294.61728   -2.8138168   -141.02435   0.99971491   0.30031931 0.00062868337 0.0013659856    17.431662    1.9605962    39.728306    28.740873     31.24662    5.6220274
   500.15439 0.00080573012 8.2385683e-05    -144.8517   -308.42136   -89.632492   -112.38632   0.83643693  -0.58289403 0.0014438971 0.00066533731    14.769362   -7.4724231    49.388542    3.8503652    33.600697   -2.6524272
   545.67389 0.00061404984 -0.00051115133   -322.71976    -189.6898    -143.3007   -32.746315   0.58443367   -1.3615549 0.0014661276 -0.00048185181     7.056222   -14.651285    42.797512   -23.390425    24.123081   -19.538988
   595.33618 0.00011522388 -0.00072799221   -401.98785    73.959671   -121.87988    63.667519  -0.39641044   -2.1550484 0.00077102619 -0.0011995228   -2.3400066   -15.186662      21.2885   -43.098423    6.8964772   -25.695898
   649.51831 -0.00082398759 -0.00039894466    -254.4315    317.47131   -61.246906    128.22385   -2.1627738   0.36974066 -0.0010971016 -0.0013961942   -13.005128   -9.9387341   -12.394279   -46.953789   -14.599459   -26.917816
   708.63159 -0.00069390063 0.00080262695    46.700848    442.01346    52.716267    130.58752     -2.26089  -0.16742553 -0.0019292101 0.00073909224   -15.786183     1.805939    -40.41185   -25.881458   -22.363108   -13.813776
   773.12482 -0.00085064396 -0.0011238046    382.20612    301.42181     153.3638    47.294781   -1.8910794      2.89627 -0.00031672936 -0.0027180561    -8.116251      12.0797   -44.003036    11.208297   -24.797169    9.7162762
   843.48761 -0.00096111558 0.0010869073    522.81354   -156.83919    120.22267   -103.49502    2.0357165    3.8075097 -0.0027180929 0.00072145747     5.013557      13.5501   -20.028345    40.200672   -8.1999559    21.242634
   920.25421 0.0009254397 0.0011324629    130.94383   -558.61914   -28.942467   -146.21399    5.8630104   -2.4268644 0.00013526712 0.0028176999    12.551204    2.7845633    21.021162    38.089397    13.404752    18.945019
   1004.0074 0.0012225934 -0.00068988639   -470.47272   -364.25894   -133.49156   -38.477264 -0.016533067   -5.0401421 0.0026703454 0.00049019704    8.6629314   -10.271564    43.500401     1.303365    29.363586   -3.6005681
   1095.3831 -0.00050862692 -0.0011794161   -508.88205    314.53775    -82.69371    104.33943    -4.580214  -0.96228182 0.00085408147 -0.0023173944   -6.1350317   -11.303743    20.060646   -37.876747     11.29458   -24.536022
    1195.075 -0.0011146643 0.00045203965      187.321    568.31976    64.091949    105.98981   -1.6698213    2.7954013 -0.0020778421 -0.00099264109   -12.677576    2.8851364   -28.074503   -30.037115   -20.689644   -14.935039
   1303.8398 0.00050562725 0.0009731194     587.3299   -99.946136    117.15113   -41.261875    1.9412915    3.8637853 -0.00086805195 0.0019016325   0.81937349    12.186191   -37.147682    22.537949   -19.218403    9.2126312
   1422.5035 0.00077040098 -0.00063725386   -82.159447    -589.9411   -24.597057   -120.08778    2.2923937   -2.6103475 0.0018130542 0.00056255411    11.609092 -0.076317668    18.088852    37.939762    13.595267    19.632841
   1551.9669 -0.0007883347 -0.00035372187   -580.96045    129.31725   -124.43038    27.332891   -2.5664349   -2.6972094 -0.00010295898 -0.0016297125    -1.604421   -10.948188    35.919415   -19.946592    22.664948   -15.735655
   1693.2129 0.0001446969 0.00060616102    241.42545    514.26447    51.572784    128.92192   -2.2053604    2.7974997 -0.00095914683 0.00068249606   -10.708136    4.9541683   -25.593142   -31.380417   -16.452084   -15.985587
   1847.3137 6.3399617e-05 -0.00044914865    393.35806   -407.68155    106.38908   -105.98241    3.1292977    1.5253036 0.00084437133 -0.0001125523    7.3717537    6.4710774   -19.798561    32.645199   -12.346431     21.61478
   2015.4396 4.718743e-05 0.00039430955   -568.62439   -135.05199   -159.89209   -25.648951  -0.42472348   -4.2424674 -0.00071266055 0.00019535047    1.6223166    -9.053175    36.434498    1.1158981    22.676502   0.21315166
   2198.8665 -0.00030310417 -0.00052999024    280.51584    528.79919    109.39108    132.88606   -3.2799907    2.9862957 0.00097418291 -0.00057179696   -6.7466397    5.5619192   -20.657244   -28.176777   -11.865932   -15.654689
   2398.9875 0.00051841413 0.00066654227    66.367653   -629.96503   -37.353436   -162.99748    5.2999816   0.21053046 -0.0013467176 0.0007726039    9.4187517  -0.23736823   -1.9523833     36.40403   -1.4164248    18.635689
   2617.3215 -0.00076658424 -0.00059906108   -275.66177    605.28046   -7.4058151     151.0349   -6.0515885   -3.5713291 0.0014599951 -0.00099673413    -7.309649   -3.4578485    17.158621   -32.760448    6.3375921   -18.818983
   2855.5266 0.00083482539 0.00025219272     322.5798   -582.07758    20.780876   -131.19917    8.9509964    5.4547019 -0.0011148307 0.0011100075    7.8791747    4.6920776   -23.288551     29.48624   -10.213047    16.819309
   3115.4106 -0.00068634329 0.00025625902   -199.87903    630.09503   0.79846632    122.79996   -11.759719    1.0985727 0.00044544425 -0.0012298803   -8.2709322   -3.1999536    19.655161   -31.605431    8.6804743    -18.40634
    3398.947 0.00021690234 -0.00046228693   -113.15878   -654.91418   -54.153812    -102.7588    7.0166559   -5.2995172 0.00017361384 0.00088493392    9.5731411   -1.8370374   -6.0963345    36.664078  -0.24408384    19.094719
   3708.2886 -0.00084025797  0.001816211    609.72296    361.75146    118.13387   -5.3183098   -1.1149694    8.0772076 0.0002382762 -0.0034742048   -6.5985169     8.644372   -20.588659    -32.17186     -15.1802   -15.827253
   4045.7834 -0.00052060239 -0.00022215313   -497.98825    458.50055   -29.001898    74.776161   -5.9003754   -4.8703432 0.00091981504 0.0003271563   -7.3681064   -8.4681864     35.56422   -4.9948583    14.314425   -1.8911645
   4413.9937 -2.9960962e-05 -0.00072158955    -499.2326   -345.14954   -36.189045   -4.2277555    4.9819288   -5.3117738 -0.00030095177 0.0012054408    7.1123896   -10.776148    4.4098363    34.503132    1.9206183    11.739788
   4815.7158 0.00037647338 -0.00050914043   -4.9943061   -435.26971    15.904826    5.8208919    5.7711515    3.3067636 -0.0010544519 0.00026311423    12.287044   -1.4783957   -24.187052    15.020498   -12.484978    1.7808945
   5253.9985 0.00041510217 -0.0003755959     150.5966   -218.75443    24.393806    43.739613   0.53411603    6.7985625 -0.00088977878 -0.0004034829    8.7976389     2.889204   -20.935637   -6.2711663   -17.330206   -10.259994
   5732.1699 0.00026989277 -0.0003117173    125.33678   -84.732361    32.907768    59.150597   -1.4710454    8.1322174 -0.00049011904 -0.00057143101    6.7569127    1.9196514   -13.773029   -12.103967   -7.6117778   -12.871652
   6253.8599 -7.6122902e-05 -0.00031744692    86.233665   -51.200439    62.209221    38.253212    1.3275205     9.363534 -0.00054057222 -0.00035134575     5.285563  -0.25086245   -14.605474   -9.2833166    -2.756916   -6.7158594
   6823.0298 -0.00027608403 9.1720642e-05    42.117344   -83.651627    59.379982   -40.036648    9.7219715    2.6947284 -0.00060204585 0.00014735936      1.39632   -2.6525891   -15.213135    5.5865517   -10.147399   -4.0250621
        7444 0.00018069026 -0.00010168949    -92.56839   -47.654114   -53.711208   -40.134346  -0.61307329   -10.765752 9.3578681e-05 0.00058806303    -2.301291  -0.37351403    6.3680081    15.019908   -6.1829343    7.7693954