          40 -1.8436775e-05 3.4180062e-05   0.93952209  -0.41445565  -0.55014199  -0.53056037 -0.019568613  -0.04650645 3.5853769e-05 -6.4227053e-05  -0.10214823  -0.10333531 -0.019426059 -0.080503769 -0.049603835 -0.091308415
   43.640438 -1.2772864e-05 -3.5410842e-06    1.3027399 -0.092781618  -0.81873167   -0.5520767  0.055717688 0.0037595807 4.6813901e-05 7.8101148e-06 -0.097280629 -0.097192332 -0.048961096 -0.047151498 -0.056687579 -0.0039925827
   47.612194 -2.926219e-05 -2.3689947e-05     2.032352  -0.14581384    -1.113252  -0.49460873 -0.0046289898 -0.041683767 2.0512331e-05 -6.2543382e-05  -0.06717705  -0.19404845  -0.10388331   0.14333339  -0.10989338  0.018123401
   51.945427 -5.6870391e-05 -2.7327618e-05    2.1249626 -0.010298384   -1.5322556  -0.31080824 -0.025897475 0.0015762369 0.00011175509 0.00010494137  -0.18264601 -0.037456233  -0.13290997   0.10061621 -0.0067296154  0.052381612
   56.673027 -4.6686826e-05 -4.0250366e-06    3.7857337  -0.53735209   -2.0120056  0.032387339  0.052451242 -0.054636668 5.0398634e-05 6.290511e-06   -0.2411757  -0.08617679  -0.22149347  -0.11653128 -0.012313439  0.028848255
   61.830894 -9.914118e-05 -2.8443148e-05    5.0460382   -1.9850186   -2.3992229   0.72055715  -0.29574928  0.026127139 0.00022837576 -3.631513e-05  -0.23994742  -0.12909055  -0.38378349  -0.03162856 -0.092721947  0.096731871
   67.458183 -6.3276733e-05 9.5414813e-05    6.4857359   -3.4942098   -2.7354538    1.5800637 -0.014965028 -0.014247304 0.00014724243 -0.00020762271  -0.16772199  -0.10198885  -0.14303105  0.026234511  0.015329386  0.033047978
    73.59761 -5.5352034e-06 0.00014695409    6.9971867   -6.6128402   -2.6311147    2.7403493 -0.052841838 -0.013007238 -3.6652884e-05 -0.00028629755  -0.23588322 -0.084501617  -0.12130313 -0.067914292  0.075709328 -0.045706287
   80.295799 7.8820762e-05 0.00015732087    6.4466801   -10.188066   -2.0180237    3.8884044 -0.016740687 -0.012450431 -0.00019076429 -0.00026706222  -0.12756895 -0.034630973  -0.23453228  0.060962401  0.096987516  0.059380066
     87.6036 0.00017994101 0.00012245601    4.0042558   -13.620496   -0.9522804    4.9443493 -0.072871052 0.0090236934 -0.00025351724 -0.00036785202  -0.26095665 -0.018809939  -0.29692948  0.046257764   0.13784243  -0.18616202
   95.576485 0.00024449121 -1.2547414e-05  0.097408056   -16.901974   0.53594363    5.5701799 -0.0016928761  0.034692798 -0.00045188304 4.1246072e-05   -0.2960645 -0.088063799  -0.31224015  0.035989132 -0.018973257  -0.22305986
   104.27499 0.00021960585 -0.00015402708    -5.654201   -18.364996    2.2103069    5.6653042 -0.0080953902  0.010839805 -0.00043660394 0.00019975162 -0.034987386  -0.13308273   0.21396253 -0.029168449  -0.20414422  -0.23543008
   113.76516 0.00011908569 -0.00027012624   -10.553006   -18.506296    3.8715045    5.3499475  -0.02791865 0.0018931574 -0.00028477304 0.00048765753  -0.18688299  -0.10131001    0.1234115   0.13451143  0.047108535 -0.016312588
   124.11903 -2.9841705e-05 -0.00030144028    -17.04846   -16.525547    5.5870938    4.3575726 0.0083320048 0.0059363185 -3.687053e-05 0.00065844634  -0.29541245  -0.14676552  -0.17661572 -0.038245987  -0.12136636  -0.14581347
   135.41522 -0.00017871123 -0.00024471668    -22.86515   -12.991376    6.8774767    3.0078878 -0.010471546 -0.00068275037 0.00031958925 0.00049944798  -0.34468886 -0.059209179 -0.073447436   0.25937903   -0.2948333  -0.24121183
   147.73949 -0.00026108732 -0.00013606001   -27.966116   -7.2422709    7.8730235    1.1875159 0.0014218931 0.0035525542 0.00049884786 0.00033638001  -0.33736408 -0.023423031  0.085726075   0.25725752  -0.10469811 -0.043523438
   161.18539 -0.00027853664 -4.4405264e-05   -31.440289   0.60608047    8.4030457  -0.92180187 0.0043277633 0.0024785704 0.00053784222 0.00017959913  -0.41046301  0.073315777   0.20825987   0.27095175  -0.36907634 0.0067170565
   175.85503 -0.00031161244 8.1922437e-05   -32.576546    9.7053623    8.3951368   -3.2734077 -0.051808074  0.018246502 0.00062697596 -7.5709693e-05  -0.45539066   0.19843544    0.3172327   0.28909945  -0.27936363   0.10958944
   191.85976 -0.00027840017 0.00025030575   -30.877531     20.42329    7.5689726   -5.7409897 -0.013320205  0.028377127  0.000591002 -0.00041527883  -0.49371162    0.2784211   0.41047284   0.22233725   -0.1227349   0.32840466
   209.32111 -0.00011413124 0.00041272776   -25.029371    30.764114     6.025569   -8.0531445 -0.022876993  0.032977559 0.00033632605 -0.00078417204  -0.40897506   0.41550371   0.58663356   0.14364983 -0.096957289   0.29143763
   228.37161 0.00016409793 0.00044656129   -15.271803     40.53648    3.6099684   -10.110859 -0.032350596  0.058182091 -0.00016496463 -0.00091920735  -0.34063792   0.56624097   0.72837371  -0.11309946  -0.20976938   0.32082844
   249.15593 0.00042583587 0.00026185499  -0.91823745    46.818077   0.37825656   -11.414548  0.025012162  0.025584577 -0.00073433638 -0.00067178125  -0.17225693    0.6545096   0.69482303  -0.32233182  -0.25244978   0.54963833
   271.83185 0.00050563336 -0.0001058912     17.24209    47.312958   -3.5797462   -11.822134  0.048965171  0.080194063 -0.0010191425 1.7785289e-05  0.024934664   0.74794513    0.6194241   -0.7240665  0.071913011   0.56189018
    296.5715 0.00025326942 -0.00043304014    37.865009    40.096848   -8.1862621   -10.889243  0.060088728 -0.027386865 -0.00065907568 0.00072456955   0.25347063   0.75435942     0.225933   -1.0415515    0.1978284   0.50001246
   323.56277 -0.00020723892 -0.00012132451    54.310513    13.686162   -16.388258    -6.173224   0.05550373 -0.051165231 0.00034288227 0.00032159945   0.54983467   0.74728286  -0.34656498  -0.96355104   0.50709313   0.31503987
   353.01053 8.5764492e-05 -0.00032850762    53.877869    3.8149738   -14.477489  -0.98533303  0.051604822 -0.014567682 -0.00031727421 0.00058217568   0.81496119   0.54750335  -0.74228388  -0.89060789   0.67750424   0.21919638
   385.13834 -0.00030542995 -0.00023909008    56.748699   -25.606779   -14.575788    5.6741571   0.02391582  -0.08867716 0.00045729495 0.00060854218    1.0511061   0.22209972   -1.2779957  -0.53328758    0.7587226  -0.31830919
   420.19016 -0.00037060215 8.6187356e-05    38.798435   -54.892769   -11.460578    12.330568  -0.11707108  -0.13620473 0.0007436836 4.5493231e-05    1.0786698  -0.31749883   -1.8121517   0.19597757   0.59517121  -0.91483778
   458.43204 -0.00015909332 0.00029123542    4.9129281   -72.698776   -3.7315423    18.156527  -0.12760697 -0.049178455 0.00047285573 -0.00044312546    1.0098535  -0.83326524   -1.2119753    1.2127072   0.23515083  -0.91106117
   500.15439 9.5609626e-05 0.00026228969   -39.410686   -65.012611    7.6439695    18.902391   -0.1546251  0.065735146 -3.2272683e-06 -0.00054385519   0.49926087   -1.4835404  -0.26359785    1.8087825  -0.34772351  -0.84259999
   545.67389 0.00021063592 8.0540674e-05    -75.65242   -28.730957    19.243666    11.769355 -0.066559978   0.16031475 -0.00032170775 -0.00029475553  -0.44547325   -1.7206148   0.98833913    1.6926962  -0.87820929  -0.66434526
   595.33618 0.00015377172 -8.6826505e-05   -76.955513     29.62929    24.737619   -4.5274796   0.14381067    0.1388787 -0.00034112899 3.4544624e-05   -1.6024892   -1.2991399    1.8695801    0.6317941   -1.0072387 -0.035452209
   649.51831 -3.9298506e-05 -7.775797e-05   -36.689846    69.589828    11.676096   -21.302301   0.11299174   0.01811485 3.2753817e-06 0.0001693041   -2.2146926 -0.052748684    1.9327805  -0.72457403  -0.86528188   0.62761587
   708.63159 -2.8550336e-05 5.6798108e-05    25.069906    76.836792   -6.9804587    -23.85989   0.12146592  -0.09252087 0.00010089823 -7.1476679e-05   -1.8517622    1.6540499   0.91438735    -1.922266  -0.18019985     1.010394
   773.12482 -0.00023952476 -0.00027088026     75.34243    38.171127    -20.34075   -10.294972  0.041355696  -0.16008329 0.00013148191 0.00068892963 -0.063582897    2.8039248   -1.0795536   -2.3115897   0.84606868   0.81159991
   843.48761 -0.00021095158 0.00020586861    78.968292   -42.350346   -22.435881    10.045309  -0.16574359  -0.12643938 0.00055976684 -0.00010681525    2.3653669    2.0233552   -2.5835476   -0.3376604    1.2490546  -0.31125221
   920.25421 0.00014853949 0.00020819365    3.8372109   -92.880829   -3.6541667    25.617403  -0.18196699   0.10986415 8.8862762e-06 -0.00049328146    3.2755051  -0.85387415   -1.6334597    2.0767014   0.55926251   -1.2560793
   1004.0074 0.00019490857 -0.00010140998   -82.976883   -44.737984    22.209991    15.195487  0.058330223   0.22376379 -0.00041302867 -9.0896145e-05   0.96246052   -3.5471606    1.1329648    2.3998265  -0.97690105  -0.98294228
   1095.3831 -7.7360339e-05 -0.00017473912   -71.871155    61.483707    22.340891   -15.509085   0.22493374 0.0019166997 -0.00012409282 0.00034644021   -3.0560751   -2.4873412    2.6709397  -0.16923685   -1.2904727   0.35362089
    1195.075 -0.00015013847 7.5001582e-05     39.60384    84.624687   -9.2456131    -25.91367  0.042496916  -0.22518045  0.000301725 0.00011624944   -3.7055929    2.4137058   0.61241233   -2.6193783  0.050877605    1.3932167
   1303.8398 8.8385801e-05 0.0001159291    88.647308   -25.499182   -26.930447    5.1884809  -0.20859674  -0.10231516 7.1079725e-05 -0.00027072284    1.7385943     4.497581   -2.4976118    -1.062258     1.458995   0.31878766
   1422.5035 6.9056012e-05 -0.00011632512   -21.068655   -89.701225    3.9318614    27.082285  -0.10757519   0.19053926 -0.00025857828 1.0992256e-05    4.9836025   -1.4712845   -1.2595088     2.440984    0.3337529   -1.5616475
   1551.9669 -0.0001257972 6.3520033e-06   -87.836525    28.078362     26.37084   -6.0944958   0.19337933  0.077078782 0.00012267583 0.00020645377   -1.8524172   -5.3917851    2.5778735     1.158937   -1.5060835  -0.24433523
   1693.2129 9.5038333e-05 7.5999211e-05    47.155613    77.445732   -11.650983   -24.235094  0.059534807  -0.21192236 6.6179906e-05 -0.00022103977   -5.3227148    3.2093406   0.63266367   -2.8289444  0.090447932    1.5469291
   1847.3137 -5.7202546e-05 -0.00012031011    54.121807    -74.01429   -18.463442    19.592989  -0.24242876 -0.022426674 -0.00018946534 0.00016458241    5.2227592    4.1359925   -2.9180746    0.4189499    1.3412222  -0.65455216
   2015.4396 3.7125803e-05 0.00014276858   -93.306732   -5.4740663    26.639891    5.9829473   0.10642428    0.2872071 0.00025416558 -0.00010807958    1.0226986   -7.2018099    1.9632337    2.3668559   -1.2383854  -0.80803436
   2198.8665 -3.9640141e-05 -0.00014633307    63.021732    70.254166    -14.27528   -24.965815   0.24510694  -0.35530558 -0.00027194337 7.6873592e-05   -6.5542817    4.3079953   0.39697573   -3.0926375   0.27681169    1.6200168
   2398.9875 6.111752e-05 0.00012501322   -17.238245   -91.680046   -1.9239588    30.246716  -0.57497513   0.21062604 0.00024384358 -7.9342302e-05    8.2060347   0.50130916   -2.1434093    2.4061167   0.67809653   -1.4754068
   2617.3215 -7.5626878e-05 -7.3974996e-05   -11.334927    88.368095    11.816851   -28.948229   0.85893363 -0.080583416 -0.00017113866 9.0885274e-05   -7.8588777   -4.1282434    2.8942859   -1.3415754   -1.0073984   0.99931335
   2855.5266 6.4590538e-05 1.7396624e-05    15.835112   -82.190132   -13.932528    27.948278   -1.1006726   0.18629116 8.3251834e-05 -8.7804736e-05    7.4133577    5.8226089   -3.0715592   0.80652338    1.3346434  -0.86722827
   3115.4106 -1.6162243e-05 1.2756323e-05    2.2518229    76.976372     8.295846   -30.027897    1.1133332  -0.55775261 -1.339498e-06 3.6781184e-05   -8.5226927   -5.4704442    3.0100436   -1.1490711   -1.2922629   0.94233143
    3398.947 -6.2643044e-06 2.8050526e-05   -36.496029   -56.229042    7.1275764    30.403477  -0.78238058    1.0797948 2.0203845e-05 4.6324665e-05    10.684209    1.9021721   -2.3583894     2.297107   0.78890604   -1.3878329
   3708.2886 -5.2780888e-05 0.00013365413    57.080273    1.5890553   -28.048132   -16.078497  -0.14266595   -1.5784891 -2.8454701e-06 0.00024922713   -10.148724    6.1779323   0.18359712   -3.6131313   0.56048471    1.6035683
   4045.7834 -1.1588672e-05 -9.4641553e-05    -7.616878    32.773819    21.399645   -22.586758     1.892064   0.58805978 -2.9927414e-05 -0.00016117765  -0.77563745   -12.421736      3.14692    1.5031255   -1.6305339  -0.32668862
   4413.9937 8.6298758e-05 -6.6446977e-05   -3.1927471     3.434901    23.814461    14.931344  -0.47244143    2.4202559 0.00017303535 -6.7144712e-05    13.053679   0.19019584   -1.3640977    3.0003192   0.48399672   -1.6181091
   4815.7158 0.00011238207 -1.5928004e-05    18.426464    22.089205    1.4925232    20.767893   -2.4934988    1.0200475 0.00016441794 0.00010049626    4.1541023    12.019552   -2.2598879 -0.067657672    1.4475049  -0.46501234
   5253.9985 0.00010209258 -5.3476851e-06    16.778156    45.701218   -6.4808044     11.11184   -2.5395651  -0.55421555 7.8068035e-05 0.00015700598   -5.6708422    11.141983    -1.185331   -1.5682205   0.98741776   0.36748931
   5732.1699 4.6235436e-05 -4.1182448e-05    21.329224    52.584114   -5.6737175    5.0406919    -2.227452  -0.97698408 6.1117942e-05 9.3467679e-05    -8.706728    9.3769131  -0.40374607   -1.7573588   0.64305639   0.77394599
   6253.8599 -6.973884e-06 -4.1268486e-05    45.942535    34.152737   -3.5194762    3.1683724   -2.5081282   -0.1412691 6.5497188e-05 4.9149119e-05   -5.7283554    11.705714  -0.72969657   -1.5340596   0.49916962   0.34039137
   6823.0298 -2.7273172e-05 6.0623556e-06    48.746506   -27.502216    -1.315556    4.0037189   -1.5329468    2.0739429 5.8538113e-05 -8.1818444e-06    6.2666078     11.30823   -1.5663267  -0.42745426   0.70723462  -0.14578699
        7444 6.6531698e-05 2.3704952e-05   -37.638809   -22.868704    3.0969057    6.0838523    1.4483709    1.0995646 0.00012849153 -0.00015613681    9.5496206   -8.8053389    -1.141614     3.927269    1.0771337  -0.65154177