          40 2.5807338e-05 -2.7340086e-05   0.28622809   0.61309129 -0.085724436  -0.26121065   0.21818332  0.014495104 0.00015467836 -7.2271745e-05  0.023624711   0.11283159  0.037512697  0.045302071    0.1020132  0.053243827
   43.640438 9.6733966e-06 -3.3899858e-05   0.45166865   0.71431029  -0.20522133  -0.34702724  0.047907799   0.17504612 -0.0001201644 -0.00016824597  0.067284584   0.23656924  0.066641696  0.078535028   0.10650173  0.013655663
   47.612194 -3.5895271e-05 -1.5838232e-05  0.085001059    1.0013576  -0.40617293  -0.35456163  0.036367841  -0.29642695 0.00062309892 0.00011163022   0.24234818   0.21132526    0.6955328   0.81990808  0.057018708  0.047101445
   51.945427 -3.1045878e-05 -2.7772961e-05    1.1510597    1.1231833  -0.68010265  -0.37188867  0.064072497  -0.21820752 0.0003948863 -0.00079684344   0.13759765   0.54179555   0.22700022   0.31875077  0.012317046   0.16865526
   56.673027 -1.1036689e-05 3.0518734e-06    2.0161803    1.2996421   -1.0117208  -0.30960485  0.050015356   0.22350922 0.00030314137 -0.00073922245 -0.022260997   0.37904748  0.078218877   0.31727612  0.036224563  -0.16360515
   61.830894 -1.526286e-05 2.3445964e-06    2.9957106    1.2451305   -1.5113541  0.032599486   0.88876587    -1.530998 -0.00099605171 0.0007583588  0.045994673   0.61248255 -0.077956371   0.25393581  -0.10169339 -0.044115327
   67.458183 -7.050686e-05 3.7247111e-05    5.4773707   0.18063478   -1.9672794   0.57683498 -0.082636967    0.1300047 -0.00055154436 0.00031528017   0.16407724   0.39329839  0.081607662 -0.016585244   0.18990605 -0.0091466522
    73.59761 -5.5795772e-05 0.00010896727    7.3211002   -2.1756802   -2.1815658    1.5798955  -0.14436944 -0.0023993731 -0.00066400249 0.00040586322   0.34438038   0.52558243   0.10720869 -0.044214822  -0.11664876  -0.10317473
   80.295799 2.6505377e-05 0.00013578282    8.0287361   -6.4735751   -1.8956282    2.8515599  0.047826663 -0.003497238 0.00029762945 0.0010663538   0.40368944   0.42846176   0.19358449  -0.12286846  -0.10384501 -0.057099823
     87.6036 0.00013542712 0.00012497051    6.8380117   -10.836342   -1.0454903    3.9766757 -0.049749672 -0.058932323 0.00054128264 0.0015404054    0.6958937   0.67257345  0.048476886  -0.14158824   0.33498427  -0.18779157
   95.576485 0.0002077141 6.2797393e-05     3.128592   -15.092827   0.24760482    4.8397231 0.0049006524  0.069003209 0.00058514037 0.00016186511   0.78700966   0.42296031 -0.0084416047  -0.79736137  0.037458722 -0.023173377
   104.27499 0.00024787529 -0.00010235584   -1.9586387   -19.074217    2.0781929    5.3300576 -0.036294244  0.027580157 0.00065514405 -0.00057942944   0.97492397   0.71009064  -0.18435602  -0.55014354   0.16526492  -0.11810336
   113.76516 0.0001627927 -0.0002275548    -8.752553   -19.390717      3.88305    4.9733672 -0.063629724  0.075813264 0.0010520905 -0.00058490934    1.1813445   0.38572904  -0.20052762  -0.53827685 -0.022545753  -0.24488328
   124.11903 1.4329667e-05 -0.00029696591   -16.248844   -19.109587    5.6336055    4.2236633  -0.06798847 -0.013618181 0.00020743253 -0.0023144677    1.1635929 0.0038446463  -0.99882746   -1.2138549  0.027863359   -0.1206222
   135.41522 -0.00012895686 -0.00026334464   -23.442892    -15.34015    7.1579432    2.8221145 -0.017292006  0.041132372 -0.00049283699 -0.0013953301    1.5901506 -0.082963079   -1.0764058  -0.74543083   -0.1819637   -0.3112565
   147.73949 -0.00020287525 -0.0001818163   -29.568335   -9.4309683     8.506896      1.12597 -0.0081687542 -0.0047853682 -0.00089409103 -0.00096866401    1.8173791  -0.38909879   -1.4018812  -0.46113488  -0.41028622  -0.12254234
   161.18539 -0.00025719989 -0.00011373673    -34.76926  -0.85040289    9.3074493    -1.221892 -0.011797612 -0.0011481938 -0.0010707638 -0.00080431235    1.9461548  -0.81286579   -1.7584341  -0.20288825  -0.38471869  0.035413422
   175.85503 -0.00032818891 -3.4178524e-06   -36.900738    10.379757    9.4106817   -4.0156474  0.019650899 0.0084585929 -0.0017800328 -0.00023207827     1.851357   -1.2216034   -2.1420422   0.44259453   -0.4708105 -0.014796178
   191.85976 -0.00034956585 0.00019212069   -35.200611    23.054447    8.7163935   -6.9896669  0.022653194  0.047903467 -0.0020166659 0.00071823911    1.7134837   -1.8302273   -2.3103445   0.98694354  -0.52008682   0.13063172
   209.32111 -0.00021208491 0.00040574881   -28.908485    36.490982    6.8930621   -9.9596319 -0.0096291462  0.011792121 -0.0012672088 0.0018335746     1.519293   -2.4632814   -2.0297155    1.8479917  -0.29319513   0.41521475
   228.37161 7.7490346e-05 0.00050161325   -16.904808    47.754833    3.9621184    -12.60796  0.023097178  0.035022791 0.00016061941 0.0025863303   0.96818012   -3.0432453   -1.5072262    2.7910876  -0.31337255   0.60875356
   249.15593 0.0003998258 0.0003554828   0.73307925    55.724133  -0.18818155   -14.285296 0.0094022276  0.030146221 0.0015596307 0.0020822999   0.19442987   -3.5372941   -0.5890463    3.4079494  -0.10664739   0.61727643
   271.83185 0.00054006226 -7.4781897e-06     23.02755    56.441002   -5.3307686     -14.9116  0.048114806  0.021156741 0.0026581998 0.00046531312  -0.95644277   -3.9227355   0.65474182    3.8664789  0.020688953   0.77721775
    296.5715 0.00032459351 -0.00038633062    48.144539    46.434059   -11.447936   -13.553161  0.025715079 -0.034271937 0.0019778598 -0.0015522401   -2.4309494    -3.877687    2.1784108    3.6157789   0.40171635   0.39083701
   323.56277 -0.00016748704 -0.00010822159    68.300537    11.404531   -21.269051   -6.6500254  0.017231308 -0.042876352 -0.00069409976 -0.00070125557   -4.3810973    -3.015522    3.3583708    2.5714355   0.51062119   0.36891329
   353.01053 0.0001439834 -0.0003368707    64.994118  -0.12766209    -18.84305  -0.60872781  0.047319312 -0.025156168 0.0010960539 -0.0014457825   -5.1933427   -1.3493004    5.4549594    1.4319894   0.88464975  0.046080645
   385.13834 -0.00028892231 -0.00028500889    67.347694   -36.468307   -18.758324    8.5707397  0.038326375 -0.068184659 -0.0010275135 -0.0017326522   -5.9139953    1.0601735    5.6962023   -1.0454608   0.90164661  -0.35869613
   420.19016 -0.00035606616 2.4983623e-05    42.694714   -71.855293   -13.970729    16.986317 -0.027843624   -0.1081075 -0.0017268053 -0.00038604069   -5.2631822    3.8990002    5.4269152   -3.6734407   0.89208698    -1.006057
   458.43204 -0.00017776007 0.00023805318   -1.7573962   -87.333755   -3.0522065    24.424871  -0.05953414 -0.087712854 -0.0012100774 0.00085183681   -3.0852067    6.6836133    2.3975008    -6.291882   0.13993603  -0.90348411
   500.15439 5.3980981e-05 0.00023473578   -54.613472   -73.620216    12.123213    24.095406  -0.11805401 -0.027154297 -0.00014034449 0.0012016731    1.0155383     8.075655   -1.5951805    -6.992106  -0.51551378   -0.9435882
   545.67389 0.00016752112  9.31666e-05    -93.73085   -25.710909    26.197796    13.308127  -0.14248501  0.092548713 0.00059919793 0.00072847481    5.7635555    6.3945193   -5.5566697    -4.920805  -0.91301149  -0.46188703
   595.33618 0.0001475491 -5.2461524e-05   -89.409897    44.978924    31.317442   -8.1954317 -0.008917301   0.24168123 0.00077402539 5.2746684e-05    9.2630043    1.6103301   -7.7815394  -0.42346191   -0.8675046   0.18841822
   649.51831 -6.0008959e-05 -4.7890688e-05   -33.157269    87.147057    13.385159   -28.302574   0.10346086   0.01416107 -0.00016522338 -0.00033527185    8.0542898   -5.1206555   -6.7265773    4.7165551  -0.64840943    0.8918345
   708.63159 8.8590796e-06 9.9128556e-05    40.002098    85.542969   -10.805884   -30.053049   0.17743193 -0.0026964752 -0.00019069237 0.00045027686    2.4707446   -9.9453573   -1.6005286    8.6968184 0.0057463138    1.0873438
   773.12482 -0.00025120188 -0.00027305633    92.638947    33.295273   -27.147551   -11.998365   0.18956898  -0.17328374 -0.00037791577  -0.00178649   -5.5162735   -8.9815207    6.0005603    7.4203577   0.91124457    0.9439221
   843.48761 -0.00018916979 0.00021141746    85.164482   -59.994896   -27.974085    14.607818  -0.14442231  -0.35203856 -0.0013437711 0.0003521046   -10.990961   -1.3195181    9.7470312  -0.41488153    1.3079408  -0.26965347
   920.25421 0.00015724998 0.0001742351   -7.9636588      -105.41   -2.5807524    32.691887  -0.46190879   0.10475339 0.00010995522 0.0011441053   -7.7304754    8.8434992    5.2404366   -8.7634993   0.30594331   -1.2000229
   1004.0074 0.00016245838 -0.00012436727   -99.032349   -39.217209    28.904337    17.338745  0.083882242   0.50534374  0.001002194 4.3286989e-05    4.2175546    11.614251   -5.4838266   -9.0533018  -0.93165451  -0.99993104
   1095.3831 -0.00010782487 -0.00014450839    -71.35627    77.595108    26.963514   -20.991299   0.44946522 -0.076638177 0.00010562465 -0.00087815558    12.857793   0.91035986   -10.947699    1.4885252   -1.3858634   0.61900496
    1195.075 -0.00012539589 0.00011075567    55.545345    89.437874   -12.849818   -31.530964 -0.041836128   -0.3233901 -0.00081307552 -8.795836e-05    5.1112452   -12.121724   -1.8146679    11.161571   0.11659219    1.4525098
   1303.8398 0.00012605045 9.3445939e-05    95.800545   -39.440369   -33.245304    7.3197465  -0.32156068  -0.17933135 1.8992336e-05 0.00076613645   -11.318769   -8.0344391    11.165759    4.1585875    1.2210181   0.15865847
   1422.5035 4.2735624e-05 -0.00014809084   -34.645958    -95.60569     5.540947    32.929264 -0.068648763   0.23049705 0.00071444595 -0.00021905289    -9.252142    10.618815    4.8795462   -10.869071   0.10444858   -1.4555436
   1551.9669 -0.00015650874 4.050292e-05   -92.274948    42.049557    32.518871     -7.72578   0.22330229  0.055787958 -0.00052683946 -0.00057875796    11.317338    9.4020605   -11.552528   -4.2672672   -1.4155715  -0.25980327
   1693.2129 0.00013727494 9.3872506e-05    61.798008    81.260796   -14.050125   -29.974224  0.033606548  -0.20274164 -0.00017195054 0.00078133348    7.6732335   -13.240834   -1.8792413    12.552048   0.15821789    1.5108963
   1847.3137 -6.4545231e-05 -0.00015854074    50.970501   -88.020607   -23.193129    23.635115  -0.20816712  -0.02382813 0.0006470473 -0.00050018047   -15.655833   -3.0343225    12.397047   -2.8749201     1.357608  -0.72695464
   2015.4396 1.5226299e-05 0.0001671755   -102.79738    5.2189612    32.800568    8.3615694  0.082931861   0.25532058 -0.00077539973 0.00018843806    5.0919614    16.007252   -8.9654799   -9.3272743   -1.2437214  -0.83930522
   2198.8665 -1.2963806e-05 -0.00014906407     78.55368    71.054703   -16.627056    -31.80949   0.25222492  -0.25274429 0.0007051283 -6.9013127e-05    9.3856974   -14.581321   -1.1161727    12.781988    0.5064503    1.5171502
   2398.9875 4.3334647e-05 0.00011043536   -30.901169    -102.6888   -4.0870008    38.002426  -0.52732277  0.023641523 -0.0005430649 0.00012938076   -17.049677    5.7866869    8.7101469   -9.3146057   0.51149988   -1.3664603
   2617.3215 -7.0014816e-05 -4.9016595e-05  -0.77495968    106.07713    16.891533   -35.658844   0.78287357   0.27979609 0.00031620727 -0.0002416943    18.374144    2.4750345   -11.869516    4.5563264   -1.0491757   0.97644824
   2855.5266 6.140941e-05 -2.0500369e-05     4.350843   -101.64649   -20.023479    34.320992   -1.3724982  -0.37620652 -5.1279396e-05 0.00029394982     -18.2103   -6.7728896    12.851493   -2.0980375    1.3378289  -0.85707599
   3115.4106 2.5865425e-06 5.6275941e-05    20.180294    96.004944    13.669842   -37.649544    1.5139401  -0.67879808 -0.00020297131 -0.0001570254    19.157778    6.1774831    -12.86514    3.1592829   -1.1928371   0.82860619
    3398.947 -5.3909665e-05 3.2663577e-06   -67.055573   -63.966522    5.5587659    40.868015  -0.77782768    1.1390202 0.00018739332 -0.00015516196   -21.486574    0.5684033    11.308993   -7.9527311   0.72686148    -1.359849
   3708.2886 3.5696208e-05 0.00017350254    84.084312   -24.843655   -36.813316   -25.807888 0.0059382152    -1.519515 -0.00042278378 -0.00066380703    17.892942   -14.959519   -3.8551531    14.056911   0.31592295    1.4706863
   4045.7834 7.7347335e-07 -8.3790846e-06    26.010607    66.952789    33.336155    -31.29829    1.7721382   0.92636228 -1.0794362e-06 3.6751586e-05    4.0866632    25.325794   -11.867889   -10.092194   -1.6095138  -0.47461125
   4413.9937 -1.3067798e-05 3.4179186e-06   -12.498908     47.16703    35.256271    20.624643  -0.93760419    2.5464373 5.8723508e-05 1.9939816e-06   -28.744583    2.4384913    10.118401   -12.290627   0.36321509   -1.4795942
   4815.7158 -1.996321e-05 7.1916111e-06   -3.3657591    42.323353    4.0739236    27.642382   -2.8113706   0.89464349 8.6595101e-05 3.0762767e-05   -13.527217   -26.770483    13.870409    3.4954305    1.3769011  -0.62281013
   5253.9985 -1.1024264e-05 1.4637892e-05    1.1168647    50.335987   -7.6046848    14.337212   -2.6256983  -0.66259015 7.8831181e-05 1.9029088e-05    7.9697304   -27.917742    6.0221047    10.046635   0.76216912   0.49743426
   5732.1699 -1.8017754e-05 1.156888e-05    11.936241    53.800343   -7.2163939    6.2122393   -2.2270675   -1.0658557 4.0225572e-05 8.970777e-05    14.776212    -23.81988    2.0129621    9.8993959   0.51514417   0.80615991
   6253.8599 4.8451047e-06 1.1171788e-05    41.337303    38.188335   -4.8080411    3.8388751   -2.5093772  -0.27750692 5.5484892e-05 2.3832337e-05    7.0087576   -26.421764    3.4334817    8.5669098   0.58529162   0.48697338
   6823.0298 5.2623113e-06 -4.7067638e-06    49.167465   -23.477196   -1.9166911    5.1189175   -1.6821092    2.0066726 3.0408455e-05 -2.3050377e-05   -16.834538   -20.715744    8.2722912     2.760973   0.71372676   0.11572474
        7444 -8.67045e-07 3.5861824e-06   -36.492832   -33.206703    5.4105482    2.1999047    2.3920925    1.1802847 -2.1809743e-05 -1.4993688e-05   -17.178343    19.349447    1.7535253   -8.1020164   0.12085041  -0.47580099