          40 -4.8954976e-06 2.5679753e-06   0.26922882    0.2900593 -0.083878927  -0.22027214  0.023997055 -0.061686095 -0.00014553449 -0.00011705046   -0.1037921  -0.18111394  -0.42181316  -0.35671932 -0.0040977597 -0.080912225
   43.640438 8.1241506e-06 6.4473161e-06   0.35318908   0.12512079  -0.21110471  -0.26531592  -0.10548028  0.057042748 -0.00021142857 -4.1120824e-05   -0.1283019  -0.21987054  -0.34998295  -0.44200176  0.092674993 -0.063901953
   47.612194 -1.7711537e-07 -4.9361265e-06    1.0612909   0.82047981  -0.40493116  -0.31944653 -0.00076850114 -0.0013325515 0.00022467766 0.00049197988  -0.10287794  -0.13020974   0.27442405  -0.16180424   0.21828602  0.066174753
   51.945427 -1.6771168e-05 -2.1392583e-05    1.7352257   0.48196647  -0.66315031  -0.22887114 -0.0007893155  -0.02925159 0.00048600193 0.00049791049  -0.16511531  -0.20278679   0.17721476  -0.42498371   0.18060042    0.1338813
   56.673027 -3.2132077e-05 -3.3363791e-05    1.9976605   -0.1544788  -0.84922081  0.023630837  0.020551614  -0.00854831 -0.00072990515 -0.00031322186 0.0076892008  -0.12253255  -0.14401007    0.5420863  0.071054064  0.082636423
   61.830894 -7.8249432e-05 -3.9227616e-05     3.531395   0.14671116   -1.2941433  0.069164127  -0.19703317  -0.21938019 -0.00042108964 -0.00050313107 -0.099260673  -0.16768336 -0.091847137   0.57520652  0.091443948   0.16391571
   67.458183 -4.4115433e-05 4.4513785e-05    4.2060285  -0.85174233   -1.5765655   0.65785992 -0.037979495 -0.029520677 0.00019157125 -8.0873229e-05  -0.22897147  -0.20628789  -0.19904487  -0.11476704  0.076244138   0.18998174
    73.59761 -1.3538833e-05 8.5894244e-05    5.1332121    -3.044101   -1.6871287    1.3826452 -0.032751501 -0.035557084 -0.00018325271 -0.00042505289  -0.33539376  -0.12144446  -0.35044244   0.12088246   0.26497781 -0.0047182743
   80.295799 4.682488e-05 0.00011026197    5.5799203   -6.2518482   -1.5347084    2.4197936 -0.00029538854 -0.022414265 0.00048577355 -0.00036868648  -0.36022311  -0.16566625    -0.821711  0.063891985  0.073045038 -0.075091347
     87.6036 0.00012555993 9.4727417e-05     4.467237    -9.452611  -0.83405364    3.2748272 0.00020942625  0.016209714 -0.00059852912 0.00014025779  -0.41927457 -0.073370211  -0.44106841   0.37307349   0.22147687  -0.17733955
   95.576485 0.00018026702 2.2255674e-05    1.1627824   -12.919432    0.2644113    3.9445462 -0.007480341  0.014822571 -0.0006394877 0.00017573276  -0.48734158  -0.25580367  -0.37620714  -0.10443787   0.14396848  -0.25307584
   104.27499 0.00018683949 -0.00010700945   -3.3096137   -15.356984    1.6215285    4.3401132 -0.033981979  0.022854535 -0.0006525988 0.0002474151  -0.42024675  -0.19317448  -0.36736026   0.15685646 -0.012617043  -0.23926529
   113.76516 0.00010744015 -0.00022271759   -8.6872654   -16.272984    3.1487212    4.0866728    0.0174434 0.0065283314 -0.00047445015 0.0006536392  -0.44121173  0.015737796  -0.12078606   0.70056373    0.1022354  -0.18061699
   124.11903 -2.0161262e-05 -0.00025776101   -14.369781    -15.04538    4.5889153    3.5803668 -0.024311643 -0.025270438 -9.9434248e-05 0.00086429168  -0.38933641 0.0045101708   0.50030017    0.8154946 -0.087772012  -0.12373278
   135.41522 -0.00014620229 -0.00021034712   -19.756096   -12.020398    5.7827964    2.4488482 -0.024548836 -0.020475861 0.00040540079 0.00087776524  -0.70791298  0.056134567   0.28906143   0.65558136  -0.22490437   -0.2404706
   147.73949 -0.00021213439 -0.00012114444   -24.871235   -6.8740087    6.7656417    1.0002297 -0.0037862947 -0.025493398 0.00075746648 0.00053746783  -0.77197331   0.16863208   0.48211399     0.646034  -0.14320534 -0.086846702
   161.18539 -0.00025547118 -4.2898049e-05   -29.338572  0.052274585    7.5761156   -0.8829906 -0.0057850089 -0.0030795664 0.0009058938 0.00025526405  -0.91389543   0.34644061   0.71304798   0.61912453  -0.24346268  -0.11533258
   175.85503 -0.00029006775 6.3786261e-05   -31.206371    9.3658209    7.6048217   -3.0723047 -0.055744514 -0.010386751 0.0011501643 2.8650373e-05  -0.94754022   0.53145391    0.8713792   0.26498839  -0.41404483 -0.084378108
   191.85976 -0.00026580549 0.00023527318   -29.948519    20.009972    6.9686584    -5.444531 -0.030392004  0.027229611 0.0010350688 -0.00071915425    -0.905595   0.77752656    1.1804844   0.10665777  -0.37888661     0.095959
   209.32111 -0.00012538869 0.00039040003   -24.685213    30.545494    5.7368798   -7.7448978 -0.045585051   0.05783122 0.00066548062 -0.0014314555  -0.74014693    1.1123424    1.4541975  -0.20541155  -0.43919739   0.13554974
   228.37161 0.00014478291 0.00043691797   -14.770338    40.638618    3.4980707   -9.8970137 -0.047206957 0.0076620546 -0.00030537471 -0.0016686893   -0.5450027    1.3950505    1.5220691  -0.92015618  -0.27945387   0.35825357
   249.15593 0.00041802836 0.00026912941  -0.51155239    47.529022   0.35710892   -11.415674 0.0026634834  0.035558879 -0.0012840893 -0.0012954695  -0.19394118    1.6745614      1.21023   -1.4537418 0.0023876834   0.48526734
   271.83185 0.00050483801 -8.0408638e-05    18.217545    48.503124   -3.5973494   -12.014143  0.068831243  0.058020093 -0.0019512683 -5.964109e-05   0.29487959     1.871807   0.70528662   -2.1788735 -0.024161786   0.54871434
    296.5715 0.00026403496 -0.00042425506    40.076584    41.381546   -8.3296022   -11.236415  0.040443297  0.050708942 -0.001318098 0.0013811924   0.92012781    1.8306699  -0.28297865   -2.5793641   0.29727823   0.79193395
   323.56277 -0.00019981898 -0.00011246616    58.032887    13.007007   -17.290644   -6.4753599  0.060750727 -0.047002155 0.00065954664 0.00058958837    1.7316749     1.597432   -1.5235572   -2.1400752   0.61356872   0.31470382
   353.01053 9.6019656e-05 -0.0003412996    57.360844    3.1352797   -14.845364  -0.99110061   0.04923163 -0.048824951 -0.0006693959 0.0011777476    2.3333545   0.98609644   -2.3786457   -1.8620672   0.65674305   0.36044452
   385.13834 -0.00030626165 -0.00024220788    59.481499   -27.900059   -15.323113    5.9767289  0.038989175  -0.13818012 0.00087818876 0.0011993123    2.8599467  0.034427024   -3.4449456  -0.51150447   0.65232402  -0.25405717
   420.19016 -0.00035284105 6.4704996e-05    40.984665   -58.239666    -11.84093    13.624992 -0.011407913 -0.093818255 0.0013586888  0.000149143    2.8723881   -1.1999705   -3.2982225    1.5189384   0.55058861   -0.5750106
   458.43204 -0.00016418609 0.00027552311     3.728229   -77.337807   -3.9548142    19.363838  -0.16783795 -0.066195406 0.00092030904 -0.0007975871    2.1799386   -2.6927249   -2.3730814    3.3704982   0.37998468   -0.9653824
   500.15439  8.77645e-05  0.000257687    -44.00742   -69.752846    8.0530682    20.220436  -0.15338764  0.056880441 2.2786857e-05 -0.0010275601   0.53650343   -3.8069093 -0.020339467    4.4355807  -0.37074223  -0.95802259
   545.67389 0.00020577536 7.897566e-05   -81.503929   -28.672466    20.994673    12.594253 -0.081493951   0.19735962 -0.00061509141 -0.00056477374   -1.9008166   -3.9022849    2.8733072    3.7375574  -0.88790989  -0.52304757
   595.33618 0.00015429004 -8.8548826e-05    -82.54306    34.576054    26.871325   -5.1019688   0.13483745   0.15629055 -0.00067149714 7.3343152e-05   -4.2368355   -2.2094836    4.7696772      1.06581   -1.1655972   0.13807827
   649.51831 -5.0529885e-05 -7.0225506e-05   -36.259476    74.424522    12.312166   -23.139711  0.098082915  0.017711898 5.7747446e-05 0.00032211718   -4.9316082    1.0604103    4.5238166    -2.167038  -0.81838417   0.69659388
   708.63159 -2.546926e-05 7.5240241e-05    28.983767    81.596542   -7.7139759   -25.619238   0.14317635 -0.096700884 0.00021837075 -0.00020489463   -3.1736107    4.4549804    1.6785097   -4.9592357  -0.11972973    1.2829217
   773.12482 -0.00024179686 -0.00027609075    81.432587     38.77961   -21.698935   -10.904752  0.002115767  -0.17334121 0.00025371145 0.0013606556    1.0282642    5.7878184   -2.9249084   -5.1138506   0.90393758   0.89728755
   843.48761 -0.00021048613 0.00021159861    83.714203   -47.289261   -23.838863     10.61468  -0.16801606  -0.12353674 0.0011032152 -0.0002279546    5.7211232    3.1617513   -6.0914693  -0.57535189    1.4320488  -0.10904501
   920.25421 0.00015686532 0.00019830113   0.96530712   -97.822365   -3.4983342    27.584654  -0.22023194   0.12242278 -3.1737953e-05 -0.00094816374    6.2940259   -3.2482381    -3.720037    5.1846895   0.48728019   -1.2799618
   1004.0074 0.00018542164 -0.00011227693   -87.345772   -44.495907    23.697937     15.82908  0.065830216   0.24239749 -0.00080522266 -0.00012306908   0.38216376    -7.670023     2.851222    5.7837405   -0.8649838   -1.0872399
   1095.3831 -9.4458883e-05 -0.00016851161   -73.476547    66.741333    23.786802   -16.900484   0.24082747 -0.014022895 -0.00017876402 0.00070108916   -7.2332048   -3.7212801    6.6010637  -0.49720147   -1.2545865    0.4472324
    1195.075 -0.00014539574 9.2880138e-05    43.975029    87.870293   -10.115893   -27.492342  0.024028581  -0.21461084 0.00062378525 0.00016735186    -6.394793    6.2140923     1.502318   -6.6322742  0.043992803    1.3711015
   1303.8398  0.000109822 0.00011474918    94.108994   -29.257103   -28.754335    5.6057568  -0.21612288  -0.10148554 8.5678752e-05 -0.00058759085    5.0252676    8.1240549    -6.452826   -2.7715952    1.4862115    0.1475669
   1422.5035 6.4576241e-05 -0.00013355953   -24.512861   -93.612732    4.2937841    28.763638  -0.10909437   0.18787262 -0.00054911239 7.087172e-05    9.2078066    -4.591135    -3.285722    6.3966098   0.31245539   -1.4307337
   1551.9669 -0.00014196133 1.5250249e-05   -89.396599    31.271694    27.917044   -6.5451741   0.19935183   0.10117288 0.0002972353 0.00044133741    -5.456275   -9.8359394    6.7971492    3.0304706   -1.4641685  -0.16032438
   1693.2129 0.00011402406 9.0931651e-05    50.904728     80.24099   -12.297454   -25.623013  0.062515818  -0.21239778 0.00015442046 -0.00051783485   -9.2339478    7.6342363    1.5530576   -7.4489021   0.25309864    1.6379035
   1847.3137 -5.6767265e-05 -0.00014181093    56.154434   -78.976746   -19.537634    20.617744    -0.238455 -0.029606115 -0.00044767343 0.00034195581    11.136911    6.5665741   -7.7765841    1.3167168     1.635932  -0.62641066
   2015.4396 2.5706791e-05 0.00015446241   -97.098076   -3.5873232    28.345747    6.5284152    0.1115966   0.29271135 0.00054446416 -0.00017592093   0.11026966   -13.998839    5.2903323    6.1366439   -1.2723479   -0.6823622
   2198.8665 -2.8326564e-05 -0.00014699274     67.55558    71.780838   -14.928808   -26.596439   0.24398635   -0.3367812 -0.00053136121 0.00010832246   -11.291357    9.5509453    1.0181785   -8.1139374   0.36701435    1.6259071
   2398.9875 5.4284148e-05 0.00011403971   -19.790321   -94.650002   -2.3820977    31.974279  -0.59603357   0.19791414 0.00043350612 -0.00013610467    15.750362   -0.6696406   -5.6820598    5.8909283   0.58501947   -1.5680691
   2617.3215 -7.6118093e-05 -5.9346465e-05   -9.8329525    92.664803     12.81897   -30.585117   0.88316441 -0.052482989 -0.000284621 0.00019471385   -15.393797   -6.3713608    7.6446509   -3.0957429   -1.1985356    0.9402681
   2855.5266 6.7002911e-05 -3.6865722e-06    14.346823   -86.823929   -15.020343    29.636761    -1.108326   0.14543205 0.00010156631 -0.00021556242    14.955822    9.8553391   -8.2191935    1.6073991    1.3126336  -0.88700277
   3115.4106 -1.2488553e-05 3.6669033e-05    4.6985898    80.826744    9.0960579   -31.743629    1.1215961  -0.53706962 6.9485999e-05  0.000116514   -16.567087   -9.1705551    8.0923223   -2.4443161   -1.2641591   0.89052486
    3398.947 -2.8721948e-05 6.9599328e-06   -41.766403   -58.636932    7.2297139     32.59074  -0.80376065    1.0638821 -6.5881119e-05 7.7991404e-05    20.063934    2.5633307   -6.6398582    5.4896512   0.82678962   -1.3344781
   3708.2886 -4.5416959e-06 0.00013175688    61.089066   -1.3079239   -29.920704   -17.413425    -0.132945   -1.6057241 0.00014538535 0.00042439724   -18.336067     12.07473    1.2319572    -8.985446   0.32122028    1.6851561
   4045.7834 -2.7700607e-06 -4.0905601e-05   -2.0902052    37.339462    23.295416   -24.561626    1.9250799   0.62894964 -1.7666336e-05 -0.00013655574     -2.17418   -23.593018      7.77985    5.0020084   -1.5240117   -0.4947814
   4413.9937 3.4083027e-05 -2.6893937e-05   -3.4839284    8.2812519    25.793304    15.714571  -0.48839808    2.4567983 0.00013435807 -5.3968863e-05    25.107538  -0.43365651   -4.7495375    7.5338907   0.41143391   -1.6028957
   4815.7158 4.2566448e-05 -2.050373e-06    17.387058    25.152706     1.931528    21.895828   -2.5234628    1.0504062 0.00011338428 8.4663217e-05    9.1736364    23.204954   -7.1497898    -1.225744    1.2906108  -0.41923326
   5253.9985 4.4062454e-05 3.1828636e-06    15.417993    47.467522   -6.6443949    11.689524   -2.5586011  -0.53854811 4.9442995e-05 0.00014105691   -10.010127     23.29443   -3.4260528   -5.3726859    1.0141076   0.62727094
   5732.1699 1.5400874e-05 -1.4335332e-05    21.131155    54.258312   -5.9412932     5.244451   -2.2770905  -0.99774957 4.2078442e-05 6.1254308e-05   -15.702493    19.533884  -0.96096772   -5.5807414   0.67139542   0.69571811
   6253.8599 -1.4430806e-06 -1.6850227e-05    47.193645    36.160175   -3.7589102    3.2246881   -2.5223036  -0.12486269 4.8759939e-05 4.3313041e-05   -9.6072321    23.158136   -2.0295138   -4.7307205   0.89261663   0.37405509
   6823.0298 -1.0414711e-05 1.6814223e-06     49.95903   -27.440586    -1.464183    4.1835356     -1.51395    2.1004064 4.3741617e-05 -3.5816813e-06    13.153417    21.021452   -4.6185846   -1.5159345   0.51219893 -0.099830322
        7444 5.7063376e-06 -1.2175971e-06   -39.413483   -34.248444    4.4745965    1.6192551    2.4458137    1.0395029 4.6655546e-06 -3.2303957e-05    17.991577   -16.216063   -1.0076978    4.4931893 -0.057744909  -0.38765889