          40 -2.2689999e-05 2.1218619e-05   0.74121392 -0.061955407  -0.12801078  -0.16205506  0.047925897 -0.0088276248 9.1492591e-05 -7.8258236e-05 -0.012877568 -0.095359683   -0.1336571  -0.08774773  0.055973463  0.012587736
   43.640438 1.3702602e-06 -4.1867406e-06   0.67402238 -0.094603263  -0.18800788  -0.13133132 -0.026199333     0.026329 2.2623144e-05 -0.00017535176  -0.02758662  -0.34963697  -0.27186725  -0.82849532 -0.0074128648   0.19071287
   47.612194 -1.6983458e-05 -2.373891e-05   0.60887629  -0.31540585  -0.29911447  -0.16403574 0.0077467756  0.035398796 -0.0008654889 -0.00080598553  0.080661476  0.010732926    2.5133402  -0.34488636    0.5389359   0.26714784
   51.945427 -2.513324e-05 -6.9195144e-06    1.5571972   -0.1634832   -0.5071317  -0.18687391  0.094995618  -0.02961576 0.0015305637 0.00042354048  -0.16109659  -0.16524975  -0.39969575  -0.67129332   0.03124797   0.13401647
   56.673027 1.8522753e-05 2.5880736e-05    1.5338867  -0.13759021  -0.74447358 -0.075379461 -0.0026593909  0.011171526 -0.00062383094 0.00040164427  -0.45073935  -0.24495845  -0.70450944  -0.68866253   -0.3500261  -0.31335253
   61.830894 -3.7501457e-05 -8.640669e-05    2.2686901   -1.4576812   -0.9946155    0.1832322   0.12296607  -0.21973619 -0.0019206862 0.0017873998   0.17057841   0.19446756   0.26603377   0.16416179   0.08568792   0.47802314
   67.458183 -2.5472156e-05 4.5175417e-05    2.7211845   -2.0296614   -1.1742411   0.55185354 0.0042456868 -0.019251971 0.0002467013 0.00022306552  -0.36006978  -0.33593512  -0.45691717   -0.4401646  0.078629717   0.11785732
    73.59761 5.476385e-06 6.6942092e-05    3.3901629   -3.7735453   -1.2715971    1.2400364 -0.010426709  0.042877659 -0.0003182028 -0.0001186486  -0.35606077  -0.16070652  -0.33101475  0.019938897  0.026643727 -0.080737419
   80.295799 4.4596247e-05 8.3078528e-05    2.9356494   -5.8077321   -1.0862749    1.9129804 -0.0047377399  0.032408629 -0.00041606653 -0.0002991673  -0.39445075  -0.34678313  -0.52645403   0.10790013   0.41147754 -0.012726844
     87.6036 0.00015233601 3.6571771e-05     1.896572   -8.1716108  -0.51407516    2.6062536 -0.029808827 -0.040204555 -0.00064462121 -0.00081651076  -0.25694275  -0.15343949  -0.46668044   0.46075559  0.033215497 -0.083054133
   95.576485 0.00015150997 7.1600257e-06  -0.43038321   -10.598419   0.22404526    3.3249218  0.020475961 -0.010014923 -0.00061482703 0.00076063443  -0.48939717 -0.060024362  -0.33611777  0.088208005 0.0048075849  -0.28077647
   104.27499 0.00015151071 -8.7323162e-05   -4.1080594   -12.492827      1.33801    3.6373141 -0.019110112 -0.0061290897 -0.0015742766 0.00034258582  -0.53441709  -0.27521503   0.27084371   0.65818524  0.081886463   0.14415073
   113.76516 9.4295247e-05 -0.00018160214   -7.7144656   -12.572464     2.433522    3.5976589  0.015435025  0.016506748 -0.00024147364 0.0011443034  -0.69271743  -0.11081669  -0.56047976    0.7418502  0.093662851  -0.26914588
   124.11903 -3.695233e-05 -0.00019316908    -13.24544   -12.592978    3.9003801    3.1924708 -0.0041255853 -0.024842901 -0.00028137048  0.001684377   -0.6779477  -0.18895781   0.41328412   0.28349286 -0.050894871  -0.18887031
   135.41522 -0.00011889006 -0.00017089106   -18.244429   -9.8165989    4.9352045    2.3736525  0.013680038 0.0032821395 0.00055984134 0.00089485745  -0.89630848   0.13576302   0.14082961   0.93362647 -0.075126156  -0.29005438
   147.73949 -0.00017146092 -0.00011129109   -22.940346   -5.5002322    6.0023904    1.0918093 -0.015400308 -0.0087153362 0.00084773841 0.00062204094   -1.0135187   0.23199576     0.459277   0.80658239  -0.31938398 -0.088599719
   161.18539 -0.00022048483 -5.0744638e-05   -26.540022   0.61678177    6.7823968  -0.44604591 -0.043361865 -0.027820513 0.00099645637 0.00033349532   -1.0794114   0.37566602   0.81376594   0.64258057  -0.20332524 -0.042087171
   175.85503 -0.00027484159 4.8295624e-05   -29.314783    9.2684307     7.216753   -2.5725341 -0.016822755 -0.0076425769  0.001227746 -0.00018919517   -1.0844386   0.73385334    1.1094733   0.49521986  -0.33434522   0.31466374
   191.85976 -0.00026285043 0.00019858345   -28.336472    19.359325    6.7480168   -4.8468623 -0.022246681 -0.015535722 0.0013538067 -0.00091797009   -1.0675598   0.96252477    1.4452636   0.21738067  -0.40759885  0.059633922
   209.32111 -0.00012936097 0.0003668592   -23.276031    29.504372    5.5059705   -7.0127192 -0.015273625  0.020531852 0.00079718471 -0.0016106964  -0.95110953     1.271312    1.7442557  -0.24820516  -0.50847697   0.16360933
   228.37161 0.00014033468 0.0004262939   -14.118097    39.558502    3.4409673   -9.0397959  0.017610969    0.1076135 -0.00017460436 -0.0019179541  -0.67723709    1.5713578    1.3233256   -1.1086752  -0.26569846   0.35391024
   249.15593 0.00041608865 0.00026366831  -0.23413531     46.62793   0.55970287   -10.903131 0.0024058472  0.082908995 -0.0016164623 -0.0016004954  -0.25356209    1.9623722    1.3371365   -1.7678236  -0.18164563   0.52061796
   271.83185 0.00050738698 -8.8372253e-05     18.54694     48.11451   -3.3225636   -11.803734  0.062705182  0.063791625  -0.00244002 -9.8030658e-05    0.3882108    2.2317784   0.73119467   -2.5638523   0.10466907   0.48904645
    296.5715 0.00026535324 -0.00042556692    39.444782    41.024994   -8.3797827   -11.495034  0.062405407  -0.10028575 -0.0016841969 0.0017226901    1.1935055    2.4231169  -0.50012976   -2.9447451   0.19811819     0.528301
   323.56277 -0.00020315943 -0.0001071715    58.726868    13.052013   -17.339281   -6.6491036  0.049555652 -0.084030226 0.00083694531 0.0007499932    2.1959331    1.9598829   -1.8566602   -2.5892484   0.58847767   0.45025739
   353.01053 9.8380944e-05 -0.00034709324    57.377396    2.7763524   -15.029862   -1.1843183  0.079616383 -0.035653945 -0.00086817337  0.001509268    2.9885583    1.2702343   -3.1426191   -2.0236754   0.83536303   0.20521219
   385.13834 -0.00031590974 -0.00025372938    59.846012   -28.716267   -15.870568    6.1105351  0.021401586 -0.056848574 0.0011424804 0.0015489955    3.7768209 -0.050916485   -4.1794386  -0.51059633    0.8209517  -0.20433201
   420.19016 -0.00036521011 6.7819121e-05    41.389404   -60.378292   -12.083382    13.771807  -0.03417597  -0.13738763 0.0017718562 0.00019104485    3.6215115   -1.7870665   -4.1576657     1.789305   0.77094632  -0.63449514
   458.43204 -0.00016516384 0.0002790365    2.6802888   -78.620209   -4.0179396    19.992186  -0.13510601 -0.051990014 0.0011761342 -0.0010191894      2.62658   -3.5220342   -2.7977598    4.3231449   0.37877557   -1.0226474
   500.15439 8.7330656e-05 0.00025881044     -45.4314   -70.184006    8.2670956    20.581459  -0.16356963  0.060051586 4.6765213e-05 -0.0012959625   0.48314333   -4.7870083  0.086703114    5.5358424  -0.31732988  -0.98308694
   545.67389 0.00020813274 8.1834303e-05   -84.527359   -28.952507    21.467287    12.939133 -0.047554903   0.17808934 -0.00078168296 -0.00073316006   -2.4885619   -4.7787457    3.6893785    4.5584393  -0.91483343  -0.57634497
   595.33618 0.00015550696 -9.1080183e-05   -84.981087    36.931149    27.800369   -5.3821454   0.13713126   0.14589192 -0.00085866812 0.00010370227   -5.4831233   -2.5407069     6.029171    1.2405713  -0.99133164  0.011886458
   649.51831 -5.4594155e-05 -6.8598798e-05   -37.122643    78.336708    12.625308   -23.684526  0.084656961 0.00039856607 8.8812762e-05 0.00040999288   -6.1005888    1.5729735    5.7024465   -2.8997293  -0.83028328   0.77578628
   708.63159 -2.0826797e-05 8.4294152e-05    32.247601    84.363373   -8.2679787   -26.605494   0.13221742  -0.10497572 0.00027459126 -0.00031014616   -3.6256781    5.7424312    1.9872742   -6.4444189 -0.088180751    1.2030843
   773.12482 -0.00025154481 -0.00028390242    85.591942    39.123184   -22.380434   -11.108253  0.034147043  -0.15731484 0.00034043574 0.0017728747    1.6263297    7.0999627   -3.8907371    -6.428524    0.8560335   0.92249513
   843.48761 -0.00021093394 0.00021892424    86.424889   -51.056789   -24.753498    11.205097  -0.16356316  -0.13753358 0.0014107795 -0.00031349962    7.2279282    3.6185822   -7.8426785  -0.44759256    1.3060032  -0.22552341
   920.25421 0.00016296937 0.0001985428  -0.74435043   -101.98923   -3.5050287    28.784199  -0.20136946   0.13279159 -5.6965469e-05 -0.0012149104    7.7079258   -4.4661279   -4.5005603    6.5600505   0.36755314   -1.3746836
   1004.0074 0.00018881042 -0.00012109261   -93.683914   -45.439869    24.704901    16.344854  0.061496019   0.23147629 -0.0010546172 -0.00013275657  0.037732404   -9.2145786    3.7677436    7.1018867  -0.91268849   -1.1266037
   1095.3831 -0.00010072641 -0.0001697992   -75.386604    70.724579    24.577625   -17.669676   0.23243549 0.0025275401 -0.0002098187 0.00091387762   -9.1880875   -4.1827087    8.4481621  -0.74689627   -1.2581968   0.46714219
    1195.075 -0.0001472641 0.00010226551    48.255363    91.441788   -10.743834   -28.406199   0.02674935  -0.22448452 0.00083047041 0.00018931569   -7.2725458    7.7824149    1.7292112    -8.433567  0.088277631    1.3122044
   1303.8398 0.00012092776 0.00011402208    96.809639   -32.544338   -30.034096    6.2178688  -0.23133127 -0.096251085 7.3309908e-05 -0.00078699918    6.7911625    9.6223812   -8.4328604     -3.47645    1.5465441   0.12497605
   1422.5035 6.4133055e-05 -0.00014619619   -27.685566   -98.205276    4.7112122    30.055872 -0.099747188   0.19355497 -0.00074824539 0.00012484702    10.939157   -6.0918765   -4.1548853    8.4153004    0.3131687   -1.3073833
   1551.9669 -0.00015466614 2.0663485e-05   -94.645966    35.362484    29.259333   -7.0399556   0.20016116  0.086883344 0.00042871726 0.00060350873   -7.0451007   -11.445168    8.8731461    3.7063963   -1.5253406 -0.060177889
   1693.2129 0.00012528311 9.7204778e-05    55.436352    83.737785   -12.906563   -26.930948  0.054077685  -0.21299483 0.00020426123 -0.00072032894   -10.683936     9.623498    1.9018183    -9.722353   0.10220814    1.5729904
   1847.3137 -6.1228355e-05 -0.00015255866    56.907761   -84.011589   -20.677128    21.644768  -0.23389505 -0.019057184 -0.00061070226 0.00046707926    13.623486    7.3676162   -10.102909    1.7924386    1.2882972  -0.65240693
   2015.4396 2.4784878e-05 0.00016550858   -103.10867   -1.8263156    29.642633    7.0409231  0.089797124   0.29209369 0.00074364012 -0.00022700103  -0.38776305   -16.500799     6.917233    7.8142943   -1.4422054  -0.81516689
   2198.8665 -2.8726037e-05 -0.00015283786    72.363319    73.848984   -15.306088   -28.179052   0.25293839  -0.33316457 -0.00070276251 0.00013996985   -13.043542    11.771312    1.2080773   -10.379584   0.19555205    1.6322145
   2398.9875 5.7697074e-05 0.0001169731   -22.997614   -100.45651    -2.956368    34.128105  -0.60196507   0.19345905 0.00056741823 -0.00018688935    18.598606   -1.3909166   -7.3379383    7.7027774   0.66677284   -1.4686564
   2617.3215 -8.0873957e-05 -5.6897505e-05   -8.2957811    97.564827    14.159235   -32.175507   0.88158017 -0.038101558 -0.00035747496 0.00027137159    -18.46953   -7.1265659    9.9496212   -3.9087708    -1.120752    1.1361463
   2855.5266 7.1044611e-05 -1.1156761e-05    13.267759   -93.033424   -16.727953    31.518089   -1.1043545   0.11535389 0.00010802784 -0.00030522665    18.011093    11.372665   -10.671158    2.0736814    1.4555649   -1.0171849
   3115.4106 -1.1373975e-05 4.8778078e-05    7.2704706    86.610146    10.454232   -33.994411    1.1341546  -0.52440977 0.00013329157 0.00017954283   -20.058786   -10.715441    10.685023   -3.1516256   -1.0964627   0.97147477
    3398.947 -4.0004252e-05 2.8450444e-07   -46.971912   -61.881714    6.9954376     35.21954  -0.79775852    1.0403188 -0.00014116328 0.00010482831    23.924946    2.8493721   -8.6955357    7.1269441   0.80705762   -1.4529978
   3708.2886 6.3121406e-05 0.00013504933    68.345924   -5.5481782   -32.546417   -20.020134 -0.074283823   -1.6118695 0.00046623431 0.00045070684   -21.851517    14.509815    1.9043775   -11.769597   0.26964363    1.5588037
   4045.7834 2.4081426e-06 -2.5268235e-05    1.3867959     43.50761    26.118338   -26.808039     1.930658   0.67256743 3.6789884e-06 -0.0001095179   -2.6679528   -28.561596    10.287593    6.9262695   -1.6449654 -0.097649366
   4413.9937 2.1924685e-05 -1.0593359e-05   -4.5395632    14.861174    28.578478    17.230427  -0.52844709    2.5222962 0.00010267099 -1.7094935e-05    30.604374  -0.62430465   -6.4677863    10.076682   0.26214963   -1.6494217
   4815.7158 2.2407552e-05 4.5785509e-06    15.266801     29.88888     2.473114    23.877119    -2.534497    1.0743394 6.1279403e-05 7.5676224e-05    11.488759    28.332777   -9.8366718   -1.8973577     1.372216  -0.48854646
   5253.9985 2.6702557e-05 1.0855592e-05    14.605368    51.336964   -7.0847392    12.537488   -2.5547862  -0.53739905 2.651306e-06 0.00012523534   -11.627289    28.216854   -4.5668731   -7.3063855    1.0367231   0.44293526
   5732.1699 5.3341964e-06 -6.0894658e-06    20.487894    56.740284    -6.457757    5.5596566   -2.2512469  -0.99159443 2.3733459e-05 2.8037139e-05   -18.464441    23.872919   -1.2682626   -7.5660424   0.66775024   0.63234389
   6253.8599 1.2563714e-06 -8.3168461e-06    47.802464    37.943977   -4.1930165    3.4426177   -2.5566812  -0.15499604 2.3751936e-05 3.4115877e-05   -11.076269    28.005487   -2.7423933   -6.5450144   0.56982869   0.37606052
   6823.0298 -6.6385451e-06 1.2835874e-06    52.241081   -27.634005   -1.7310382    4.5390801   -1.5123304    2.0632317 3.5761081e-05 -3.9869951e-06    16.460606     25.46369   -6.4414396   -2.1361954   0.54787332  -0.38659504
        7444 2.5797303e-06 8.4704638e-08   -39.992023   -35.205399    4.8684645    2.0030429    2.4303112    1.0612808 7.283767e-06 -1.7098539e-05    21.567202   -19.964413    -1.479293    6.3268833  0.057374518  -0.56339598