          40 3.6125253e-05 -6.4907517e-06  0.087308057   0.18284769  -0.10027194  -0.26460165  0.065465808  -0.16889566 0.00050562026 0.00022137575 -0.070846662   0.21533698  -0.24195856 -0.080090411 -0.052258112   0.13186693
   43.640438 1.7224775e-05 -3.2716928e-06  0.070409499   0.39242873  -0.17911838  -0.33060521 -0.011439775  0.020917391 0.00028175308 -1.9595593e-05  -0.07720919   0.16164938 -0.043277059  0.022811642   0.19516718   0.01218273
   47.612194 -8.5742562e-07 -1.2294641e-05   0.45090109   0.73421413  -0.35835391  -0.31045792  0.038342603  0.077826984 -0.00027575123 -0.00011703385   0.15213642   0.41671917   0.61254597 -0.079340875 -0.089071386   0.37748489
   51.945427 1.2869102e-05 -2.395541e-05    1.0328765    1.4306866  -0.61615652  -0.44428825 -0.075918652  -0.29913151 0.0019846307 -0.00060536724   0.18095595   0.30481148   0.66979426   0.22509456 0.0088618286  0.018224686
   56.673027 -1.3997483e-05 -1.1228446e-05    1.8419045    1.4489545   -1.0162196  -0.26671302  -0.14734156 -0.086155102 -0.00040604724 0.00026972272   0.28671655   0.56877732   0.52020925   0.82476556  -0.10493012  0.056777686
   61.830894 -0.00012886382 -2.7508524e-05    3.4578261    1.7397178   -1.3066223 -0.056303289  -0.96226323    1.4429436 -0.0018138491 0.0011719747  -0.15607218   0.59882891  -0.26488301   0.66482353  0.035823509   0.02750463
   67.458183 -7.9914658e-05 4.391883e-05    5.3155794   0.48029268   -1.8806151   0.56445527  -0.05608087 -0.029251475 -0.00038400354 0.00083753053    0.2289266   0.52183747   0.27381054  0.017123459   0.04306962  0.050613932
    73.59761 -5.3945227e-05 9.9321318e-05    7.1063695   -2.0836632   -2.1078188    1.5669193 -0.039625168  0.029994316 -7.2227027e-05 -0.0012056913   0.41024405    0.4220922   0.51660508  -0.40671885   0.20423126  0.037936538
   80.295799 1.9313442e-05 0.00015467427    7.9177165    -6.138279   -1.8257154    2.8562577 -0.0041000042 -0.011708812 -4.8337006e-05 0.0018972496   0.44424129   0.76458073   0.24844129   0.16998824 -0.044854518 -0.086770207
     87.6036 0.00013536475 0.00012345026    6.8561172   -10.734435   -1.0493772    4.0274911 -0.039835054 -0.017408809 0.00050706271 0.00062613172   0.63262647   0.63025075   0.14241476  -0.34408993 -0.080549918  0.083812572
   95.576485 0.00022376818 3.5518675e-05    3.4582233   -15.288815   0.40910923    4.9198775  0.026837036 -0.031436976 0.00028331002 0.00021147841   0.84328908   0.67140311  -0.16212489  -0.82595474  0.060231593  0.067255549
   104.27499 0.00023474343 -0.00010633498   -1.8282068    -18.62035    2.1658115    5.1679826   0.10247085  -0.02960092 0.0015379055 -0.00057893252    1.2170399   0.41675368  0.059600916   -0.9656446  -0.20496331   -0.2131779
   113.76516 0.0001576939 -0.00024280834   -8.7345333   -19.219116    3.9932253    4.7273922 0.0066512562 -0.011254018 0.00090702798 -0.0012602673    1.3890811   0.28851375  -0.17794816  -0.93619174   0.25496078  -0.28222591
   124.11903 1.1276873e-05 -0.0002804141   -15.371302   -17.767076    5.5509629     4.018919 -0.050780572 -0.0018894871 0.00078965328 -0.0019461621    1.7079207   0.15733269  -0.56786823  -0.82502985  -0.17950246  -0.30181143
   135.41522 -0.00012997027 -0.00025083197   -22.463617   -14.580921    6.9942942    2.6484733  0.010745285 0.0044958042 -0.00069583714 -0.0016724541    1.8543572  -0.13076489   -1.1328701  -0.84025812  -0.20973486 -0.084486835
   147.73949 -0.00021366011 -0.0001642142   -28.728947   -8.7087841    8.1699715   0.85415494  -0.02776926  0.018940665 -0.0011635548 -0.0010125622    2.0772088  -0.46042591   -1.4857486  -0.55269212  -0.18067826  0.052231614
   161.18539 -0.00025140049 -8.9534937e-05    -32.87215  -0.29207709     8.787365   -1.2958266  0.011096033  0.027308205 -0.0010548241 -0.00097027404    2.0802064  -0.96652275   -1.9301908  -0.35247421  -0.40492177  -0.29979941
   175.85503 -0.00031328667 2.2101261e-05   -34.825146    10.243008    8.7507572   -3.9039361 -0.044701226  0.031408519 -0.001855867   3.2328e-05    2.1251774   -1.4113286   -2.2314873   0.39735353  -0.37013057    0.1416171
   191.85976 -0.00031834823 0.00019453459   -32.876343    21.782333    8.1604471   -6.6882157 -0.024942495  0.022280872 -0.002004304 0.00070936204    1.8875819   -2.0240767    -2.505151    1.0527314  -0.20054629   0.15239164
   209.32111 -0.00017756959 0.00039529553   -26.704336    33.978493    6.4513292   -9.5038443 -0.0034883232  0.023271143 -0.001398721 0.0019617423    1.6437563   -2.6932709   -2.3256564    2.0189853  -0.36060429   0.42832839
   228.37161 0.00010170077 0.00047201096   -15.742259    44.974655    3.7160354   -11.948671  0.010745183 -0.0024072903 3.8080489e-05 0.0027964613     1.007708   -3.3449221     -1.87797     2.981966  -0.28394026   0.35923141
   249.15593 0.00040645048 0.00031180173   0.79842836     52.44614  -0.14221351   -13.638637  0.020137485  0.035445511 0.0019427831 0.0019804118   0.12327519   -3.9308417  -0.88551891    3.7899089 -0.096101977   0.41908914
   271.83185 0.00051076961 -4.3425862e-05    21.289305    52.406609   -4.9237318   -13.957803  0.031447187  0.020323178 0.0028889037 0.00030407251  -0.99255359   -4.2115703   0.57828248    4.2945414   0.16353029   0.58406073
    296.5715 0.00028545287 -0.00039178564    44.773155     43.34351   -10.499976   -12.806704  0.044200957  0.015799008  0.002008802 -0.0018400265   -2.6154335   -4.2113023    2.3233354    4.3153262   0.38430151   0.50785583
   323.56277 -0.0001675744 -9.5103052e-05     63.60252    11.344598   -20.126598   -6.4267631  0.032629155 -0.032958336 -0.00078050804 -0.00075712765    -4.834125    -3.318855    3.7564514      3.12269   0.56035626   0.31092548
   353.01053 0.0001331205 -0.00033758095    61.184689    1.3718667    -17.45083  -0.38300043  0.042929113 -0.023099383 0.0011789635 -0.0016464506   -5.7716961   -1.4760084    5.4623609    1.6891339   0.71364921   0.12405652
   385.13834 -0.00028955573 -0.00026705832    62.877007   -32.829792   -17.619659     7.832819  0.015265096 -0.063818045 -0.0012318434 -0.0018705564   -6.4467998    1.0612453    6.2643065   -1.0078285   0.75754434  -0.30590442
   420.19016 -0.00034016566 4.6971702e-05    39.721931   -63.758572   -13.023231    16.744133 -0.016919058   -0.0753747 -0.0019008897 -0.00029115923   -5.9770579    4.2942204    5.5312066   -4.2382593   0.60964292  -0.56252545
   458.43204 -0.00016277553 0.00024880221  -0.40033501   -82.281708   -3.2582893    22.792774 -0.061334528 -0.073476069 -0.001304383 0.0010434677   -3.4955735    7.1898961     2.781688   -6.9168406   0.25518608  -0.80719143
   500.15439 6.4748121e-05 0.00023011502    -49.87981   -69.859344    10.916636    22.703938  -0.11670543 -0.013659765 -0.00010000794 0.0013303972   0.94482774    8.8299265   -1.6097646   -7.8615088  -0.45330885   -0.9646042
   545.67389 0.00017226966 7.7005963e-05   -86.470306   -25.390188    24.529047     12.76707  -0.13580522  0.091952249 0.00073784345 0.00075588853    6.2446308    7.2962403   -6.1909094   -5.7411571   -0.8941651   -0.6668784
   595.33618 0.00013585178 -6.0153219e-05   -85.011856    40.746513    29.717182   -7.2461333 -0.023854109   0.23549199 0.00082996499 -2.0503392e-06     10.33628    2.0632315   -8.9451857  -0.67179245   -1.0131574   0.17878683
   649.51831 -5.2893527e-05 -4.5939829e-05   -32.921871    80.202271    12.926266   -26.279451   0.10540982 -0.0029534183 -0.0001549476 -0.00036098008    9.2704277   -5.5323462   -7.9161263    5.2052455  -0.87081271   0.80292141
   708.63159 3.866408e-06 9.4729847e-05    36.129879    82.250618    -9.790741   -28.353228   0.16273378 0.0095911622 -0.00023099646 0.00047866808    3.0278494   -10.892255   -1.9417582    9.7926807   0.12610738    1.1587281
   773.12482 -0.00023843812 -0.00026154789    85.514938    32.972603   -25.204102   -11.426011   0.18781826  -0.14848752 -0.000400747 -0.0019320879   -5.9053049   -10.299971    6.5840878    8.5283384    1.0239401   0.68538773
   843.48761 -0.0001830941 0.00020391162    80.840569   -54.216412   -26.351244    13.397879  -0.13285555  -0.34368816 -0.0014804574 0.00038446308   -12.470826   -1.8933535    11.197369  -0.20910592    1.2425956  -0.28516445
   920.25421 0.00015145812 0.00016819268    -5.521872    -98.22448   -2.6135693    30.625723  -0.48729929  0.076395459 0.00012176706 0.0012586393   -9.0146465    9.7931528    6.1538095   -9.8435125   0.38290304   -1.1159159
   1004.0074 0.00015904412 -0.00012047772   -92.792648    -38.95364    26.962059    16.630198  0.071802787   0.48790586 0.0011062308 5.3987009e-05    4.2854652    13.180508   -6.0026879   -10.458789  -0.92926216  -0.93355596
   1095.3831 -0.00010262182 -0.00014272715   -69.792046    71.725372    25.614887   -19.321115   0.41640753 -0.049601573 0.00013356149 -0.00096861005    14.541829    1.6009635   -12.526781    1.4472487   -1.3613006   0.40967295
    1195.075 -0.00011858317 0.00010401438    49.645672    83.781395   -11.838483   -29.690355 -0.013041829  -0.32820138 -0.00087068172 -9.6545213e-05    6.3954139   -13.868402    -2.390738    12.867873   0.18837415    1.4114734
   1303.8398 0.0001200878 9.234115e-05    91.189087   -34.739861    -30.95013    6.5294976  -0.28689378  -0.18133509 5.779164e-06 0.00083931326   -12.441422   -9.5789633    12.412584    4.9286571    1.6258423   0.20949076
   1422.5035 4.5043118e-05 -0.00014507935   -30.899427   -92.918251    4.9308486    31.372261 -0.063296147   0.23366491 0.00080450618 -0.00022886459   -11.109076    11.738216    5.8615594   -12.464017   0.25729167   -1.4676703
   1551.9669 -0.00014709317 3.4802593e-05   -87.783287    37.682396    30.255898   -7.1131907   0.21124405  0.056765206 -0.00054540811 -0.00062425015    12.563672    11.246645   -13.110936   -5.2164469    -1.514228  -0.42071798
   1693.2129 0.00013007017 8.9230343e-05    56.555508     76.82489    -13.27632   -28.132713  0.038892705  -0.19948094 -0.0001864761 0.00084303744    9.4073095   -15.130559   -2.3935661    14.417829   0.21832924    1.5589396
   1847.3137 -6.1052226e-05 -0.00015109633     49.79501   -81.942032   -21.653719    22.269079  -0.22246628 -0.023477057 0.00070268766 -0.00054046902   -18.092016   -4.1961589    14.517818   -3.0489168    1.4663026  -0.89773518
   2015.4396 1.6898668e-05 0.00015964328   -96.469467    3.8143065    30.822176    7.7228775  0.083087742   0.25993422 -0.00083586021 0.00021678416    5.3249354    18.398645   -9.9406834   -10.641585   -1.4218646  -0.95270598
   2198.8665 -1.4528287e-05 -0.00014154054    72.684044    66.593552   -15.737582   -29.641447   0.24437641   -0.2651957 0.00075475621 -8.6046653e-05    11.318615   -16.486828   -1.5615987    14.531998   0.25525239    1.5296561
   2398.9875 4.2965759e-05 0.0001034806   -27.793201   -95.637161   -3.3373265    35.366123   -0.5193581  0.037343901 -0.00057512836 0.00014893799   -20.069319    6.1183133    10.130464   -10.522528   0.49243912   -1.4712336
   2617.3215 -6.6336994e-05 -4.4397813e-05   -1.7464513    97.804184    15.177588    -33.50404   0.77606082   0.27043846 0.00032862538 -0.00026241626    21.810417    3.6020572   -14.079656    5.1823759   -1.2821012    1.0236322
   2855.5266 5.8596797e-05 -2.1897684e-05    5.0722513   -93.471886   -18.196178    32.453907   -1.3994273  -0.35574928 -4.4805227e-05 0.0003217468   -20.825148   -8.3373442    14.730059   -2.3566754    1.2474495  -0.81471539
   3115.4106 3.1177351e-06 5.1468258e-05    16.516474    85.177994    11.978965   -34.929859    1.4993937  -0.72448504 -0.00021122124 -0.00015855188    22.349152    7.8287363   -14.814145    3.5935256    -1.176453   0.94710207
    3398.947 -4.881452e-05 3.2492326e-06   -58.614861   -57.121567     6.109271    37.556572  -0.77911156    1.1649786 0.0001908112 -0.00015947102   -25.424446   0.22828515    13.090781   -9.2265224   0.88319552   -1.2788657
   3708.2886 2.4178853e-05 0.00015708266    74.285187   -19.894827   -34.411274     -22.5588 -0.050681029   -1.5267911 -0.0003962006 -0.00069651566    21.826584   -17.600807   -4.3974352    16.675928   0.40827531    1.6205944
   4045.7834 2.1007329e-06 -4.0897094e-06    17.948557    54.476433     29.14394   -28.351292    1.7529728   0.84878504 -9.1279289e-06 2.1281674e-05    4.7171841    30.494192   -13.919242   -11.622285   -1.6728796  -0.33390665
   4413.9937 -9.9238187e-06 6.8683248e-06   -10.032501    36.147984    31.573318    18.867128  -0.88615912    2.5098999 5.683245e-05 -1.8657509e-05   -34.162262    2.5410945    11.637612   -14.183107   0.28928289   -1.5382091
   4815.7158 -1.8919573e-05 9.8059973e-06    1.7102839    35.106518    2.9760425    25.249899   -2.7685523   0.89570516 0.00010389416 2.2346956e-05      -15.818   -32.524582    16.310036    4.2618594    1.3556564  -0.42723352
   5253.9985 -8.8339275e-06 1.6025069e-05    3.7863691     46.99239   -7.3073111     13.32091   -2.6280375  -0.66660523 9.1232381e-05 8.6216214e-06    10.111878   -33.375595    7.0335364    11.809562    1.0317487   0.50700569
   5732.1699 -1.6551068e-05 1.1495689e-05    13.313151    51.100674   -6.7214837    5.7703295    -2.211201   -1.0278022 4.6789886e-05 9.4476556e-05    18.285557   -28.584873    2.3568223    11.572332   0.56622213   0.73675877
   6253.8599 5.6996555e-06 1.0832775e-05    39.911343     35.28344   -4.3929234    3.7125201   -2.4984193  -0.25237677 6.5916531e-05 2.2170647e-05     8.784297   -31.647543    3.9845443    9.8993435    0.6522131   0.24876416
   6823.0298 5.2997721e-06 -5.1158904e-06    46.637245   -23.175844   -1.6774547    4.7516112   -1.6180385    1.9812931 3.5137236e-05 -2.8915787e-05   -20.102041   -25.329536    9.6871233    3.2362244   0.57612586 -0.057105277
        7444 -1.1194907e-06 2.7446065e-06   -35.367222   -31.469618    5.0714488     1.883076    2.3796959    1.1230167 -1.7800994e-05 -1.6385378e-05   -20.709417    22.894543    2.0653946   -9.3425579 -0.077804781   -0.4348366