          40 -1.6874588e-05 2.8807447e-06   0.32963091   0.31021598  -0.11350944  -0.24316254 -0.022151038 0.0024085611 -0.00021595467 -0.00029705706  -0.21394622  -0.35592905  -0.39045599  -0.52520162 -0.072900824  0.086523861
   43.640438 -6.5191193e-06 3.5542834e-07   0.69620693   0.48787075  -0.29022217   -0.3043364 -0.035625726 -0.013986305 -0.00078692788 0.00025829687 -0.026646927  -0.26894686  -0.14960735  -0.33082807 -0.076457679  0.035292752
   47.612194 -9.9099907e-06 -1.1625927e-05   0.51867568   0.77646923  -0.42371872  -0.31519637 -0.00031606472 -0.064995557 -0.0010487284 -0.0018490353  -0.27202669  -0.26488346  -0.82724893  -0.15546378  -0.11642688  -0.12791818
   51.945427 -1.6780545e-05 -2.4551207e-05    1.3977304    1.0106139  -0.65982133  -0.31006175 -0.0077635036 -0.030372532 -0.0040234914 -0.00075272244  0.085544847  -0.20240954   0.27128157    0.5450905   0.12625511   0.20424168
   56.673027 -2.4783883e-05 -8.0008749e-06    1.6758149   0.45691115  -0.99934173  -0.31981033  0.012244985 -0.0072201523 -0.0012980406 0.00082538341 -0.034316856  -0.15290646   0.22093263   0.40644345  0.070537254   0.37604854
   61.830894 -8.77696e-05 2.6467002e-05    3.0069311   0.44955108   -1.3106756  0.091944285  0.014093167   0.10000511 0.0010988702 -0.0020603905  -0.40022874  -0.46902344  -0.51839375  -0.49180397   0.33351409  0.062873013
   67.458183 -5.4286236e-05 4.6177174e-05    4.8678756  -0.69191283   -1.7788757    0.5922693 -0.0084085437 -0.062038776 -0.0011721153 -0.0020350826  -0.34973761  -0.17804424  -0.34889159   0.50022149   0.26859707    0.1875852
    73.59761 -3.0907697e-05 9.9405515e-05    6.3869886   -2.7742331   -1.9907798    1.4831758  0.022798568  -0.04909068 0.0023705931 -0.00092165859  -0.59173715  -0.55270451  -0.75308585 -0.088577934 -0.010927488  -0.13400881
   80.295799 4.9018192e-05 0.00013012649    7.0711417   -6.1845202   -1.7817665     2.555609   0.02637344 0.0019848826 9.901572e-05 -0.0013617014  -0.34674034  -0.50573087    -0.283409   0.44743043   0.17296092    0.0677047
     87.6036 0.00014706043 9.9275123e-05    6.0746512   -11.026439   -1.1181793    3.7214127   0.02540675  -0.01308516 -0.0020257237 -0.00087156071  -0.56148624  0.077367723   0.26458138    1.1832498   0.22154036 -0.026691055
   95.576485 0.00021091725 6.864454e-06    3.0489657   -15.277756   0.17491281    4.6891069   0.01657437 -0.017295025 -0.00099900295 -0.0023500251  -0.53288281  -0.35895658   0.39451578    1.1368403  -0.17930771 -0.090573192
   104.27499 0.00022426035 -0.00014527758   -2.2131906    -18.33288    1.7528245    5.0000534 0.0036904176  -0.06200476 -0.00096592132 -0.00088033773  -0.81411457  -0.29006508  -0.27784327   0.80740333   0.03541835  -0.14586608
   113.76516 0.00014615187 -0.00025297084   -8.4638233   -18.993406    3.5775311    4.7725034 -0.045890387  0.013000562 -0.0021927215 0.0023461268   -1.2327051  -0.21402471  0.019457417   0.86634296  -0.12447466  -0.18084686
   124.11903 -2.3075525e-05 -0.00030896647   -15.798778   -18.104355    5.1599894    4.0227213 -0.0033465764 -0.006010619 0.00077723397 0.0024685271   -1.4408547 -0.074398741 -0.0011835797   0.55309802  -0.19008465  -0.21262236
   135.41522 -0.00019496288 -0.00026745696   -22.456486   -14.597139    6.5805616    2.8102889 -0.0018242382  0.003513078 0.0011049699 0.0015372023   -1.4590101   0.12006071   0.60434467    1.2008548   -0.2455366   -0.1078294
   147.73949 -0.00029421318 -0.00013380656   -28.866154   -8.1719093    7.6208816   0.98508281 -0.0072216969 -0.0081683863 0.0011519784 0.00083512306   -1.4916152   0.36426693    1.2158821    1.1085589  -0.23587516   -0.2821393
   161.18539 -0.00032816475 -2.4799725e-05   -33.348335  -0.24275446    8.3161039   -1.0697309 -0.025786076 -0.022150133 0.0010639428 0.00023168039   -1.4331672   0.64543211    1.9001346   0.73466957  -0.20488255  -0.21143174
   175.85503 -0.0003556528 0.0001131427   -35.677795     10.31991    8.5739861   -3.5143468 -0.0098946504  0.027918011 0.0024462985 -3.0057008e-05   -1.6893963    1.1566548    2.0813093   0.29543433  -0.40128726   0.08433371
   191.85976 -0.00028759503 0.00032116275    -34.57999    22.566339    7.8746982   -6.1442065 -0.065530241  0.013266049 0.0020512245 -0.0016798539   -1.5801747    1.5653681    2.5187781  -0.40316269  -0.38075808   0.29853398
   209.32111 -0.00011686363 0.00048092878   -28.063683    35.047382    6.2051582   -8.6641712 -0.0097432425   0.03576874 0.0011643028 -0.0030133284   -1.2914299    2.0379279      2.51753   -1.1091049  -0.33117586   0.37411255
   228.37161 0.00021752898 0.00050293398   -17.076223     46.23645    3.8249564   -11.090846 -0.042547543  0.062593728 -0.00096080423 -0.002851381  -0.90960056    2.6457605    2.6273232   -2.2661366  -0.39547199   0.51413161
   249.15593 0.00053088064 0.00027588522  -0.10339855    53.705616   0.30191645   -12.764736  0.017563017  0.055710681 -0.0030397156 -0.0020472161  -0.21618028    3.0492969    1.9374444   -3.4074206   -0.1537974   0.58265519
   271.83185 0.00057995762 -0.0001345411    21.231384    55.195385   -4.1474624   -13.458549  0.043031789  0.066318586 -0.003555601 0.00011446971   0.67001086    3.3597987   0.65269506   -4.3127561  0.082613543   0.56161082
    296.5715 0.00027837418 -0.00050201581    45.134701    46.134933   -9.3303308   -12.900809    0.2263881   0.11035839 -0.002268625 0.0026359761    1.7757454    3.3472109   -1.4207085   -5.0916362   0.59896743   0.71572638
   323.56277 -0.00024890702 -0.00011946021    67.581833    14.164778   -19.375069   -7.2319455  0.071628474   -0.1028242 0.0012590629 0.00099752168    3.3541164    2.7839444   -3.2600408   -3.8648489   0.65701675   0.48669174
   353.01053 0.00010123033 -0.00040356029    64.064972    2.6925571   -16.861952  -0.86483425  0.064577356 -0.0044428748 -0.001165884 0.0021925305    4.4016891     1.630522   -5.1144629   -2.8309088   0.66069776   0.25988483
   385.13834 -0.00034287953 -0.00026408132    66.924759   -32.685112   -17.183527    6.7546501  0.046350103  -0.11980545 0.0017344439 0.0020689082    5.0184531  -0.16420962   -6.8246331  -0.20835218   0.95107913  -0.28360778
   420.19016 -0.00038256793 7.4879572e-05    45.688335   -66.746887   -13.140394    15.378718 -0.014045753  -0.12552877 0.0023245725 0.00021924895    5.2718253   -2.6284502   -6.3503428     3.503042   0.71652198  -0.56642044
   458.43204 -0.00017456626 0.00030565201    2.3766413   -86.600548   -4.2619934    21.843708  -0.13592766 -0.070652016 0.0015567226 -0.0013982349    3.6278479   -5.1479616   -4.0475154    6.9415526   0.22367942   -1.1170677
   500.15439 8.5196807e-05 0.0002701144   -50.819523   -76.750351    9.3620739    22.853403  -0.18603809  0.061244451 8.582478e-05 -0.0016746304   0.54810548   -7.1664548   0.71688336    8.8384953  -0.46940053    -1.076507
   545.67389 0.00021956229 8.7985187e-05    -91.31366   -29.690565    23.577015    13.779641 -0.043758329   0.19312772 -0.0010235849 -0.00097150035   -3.8895767   -6.9177971    6.0543814    6.7635884  -0.82783508  -0.66373736
   595.33618 0.00017137207 -9.652476e-05   -92.189568     41.69949    30.246166   -6.0610623   0.15864073   0.13770658 -0.0011665709 0.00011443339    -7.885601   -3.4085174    9.3617716    1.4417701    -1.105384   0.19813552
   649.51831 -6.4141037e-05 -7.0984381e-05   -37.677689    84.871849     13.39128   -26.121994  0.098171964  0.027378637 0.00016087684 0.00055710052   -8.5936213    2.6782713    8.5204086   -4.8032112  -0.75981164   0.76652217
   708.63159 -2.1044038e-05 9.2632166e-05    35.459675    89.087479   -9.1604128   -28.471024   0.13581783  -0.10977057 0.00038049818 -0.00042241329   -4.9377961    8.4938278    2.6823783   -9.9500227  0.032529775    1.1917261
   773.12482 -0.00026313824 -0.00028590651    90.280052    39.168961   -24.332388   -11.681345  0.051802315  -0.16695379 0.00047228212  0.002269479    2.7638872    10.210733   -6.3219032   -9.6342564   0.98342818    0.8844586
   843.48761 -0.0002143981 0.00023813208    89.364479   -55.055069    -26.55979    12.556826   -0.1956055  -0.13818349 0.0018440029 -0.00047574102    10.721612    4.7397585   -12.147681  -0.28068078    1.4134068   -0.3655653
   920.25421 0.00017495043 0.00020225522   -2.0557494   -107.16946   -3.5364814    30.479025  -0.20796263    0.1328593 -0.00011537163 -0.0015911597    10.686896   -6.6607533   -6.9427209    10.331112   0.59091282   -1.3917892
   1004.0074 0.00019156336 -0.00013410978   -97.871986   -45.495693    26.612543    17.195702  0.060094848   0.26030135 -0.0013818177 -0.0001192008  -0.48106965   -13.588181    6.2202892    11.308402  -0.91081494   -1.0575274
   1095.3831 -0.00011605573 -0.00017838609   -76.795547    75.123154    26.043598   -19.171402    0.2544418 -0.0079677887 -0.00022904816 0.0012324054   -13.388707   -5.4567099     13.20377   -1.4222643   -1.4400483   0.54215693
    1195.075 -0.00014885193 0.0001138377    51.128422    92.648048    -11.63042   -30.096018  0.036210675  -0.23295878 0.0010902743 0.00019527513   -10.359684    11.948671    2.7143309   -13.697002 -0.035697374     1.575725
   1303.8398 0.00014090589 0.00011853455    99.854446   -34.813953   -31.614447    6.4725885  -0.23219047 -0.098176703 3.9716324e-05 -0.001078779    9.8353128     13.38852   -13.133461   -5.3304262    1.5523468   0.19689791
   1422.5035 5.9830087e-05 -0.00016468065   -29.416422   -100.56417    4.9739552     31.49597 -0.098645076   0.19041966 -0.00099978759 0.00023380983    15.476544   -9.1039562   -6.4668455    13.203477   0.25444508   -1.3691097
   1551.9669 -0.00017157661 3.082184e-05   -97.561577    37.021301    30.713175   -7.2918506   0.20611349  0.086934149 0.00062618061 0.00080159301   -10.040687   -15.849555    13.673371    5.6489954   -1.4935569 -0.023862872
   1693.2129 0.00014062069 0.00010130792    57.455421    86.386963   -13.517702   -28.126154   0.06315919  -0.22600324 0.00024105873 -0.00098029186    -15.06289    13.845845    2.8528581    -15.07723  0.088324718     1.507954
   1847.3137 -7.2058356e-05 -0.00016585969    57.474148   -85.553169   -21.595081    22.520903  -0.23771197 -0.038929101 -0.00080798991 0.00065495499    19.487432    10.226582   -15.422841    2.8461552    1.4340515  -0.69204432
   2015.4396 2.9180559e-05 0.0001750103   -105.20266   -1.7206198    30.836262    7.4397783  0.086959459   0.28318566 0.00096705119 -0.00031288373  -0.71224749   -23.127314    10.485811     11.85006   -1.3332723  -0.80772626
   2198.8665 -3.2541255e-05 -0.00015999169    74.351433    77.002945   -16.128403   -29.472708   0.26264566  -0.34419465 -0.00091083854 0.00019529935   -18.707027    16.868933    1.9476312   -16.077785   0.13383488    1.5527794
   2398.9875 6.161863e-05 0.00012209192    -23.59774   -103.81819   -2.9760935     35.43528  -0.59450424   0.20353346 0.00072896626 -0.00024737316    26.044312   -1.9036821   -11.091324    11.573004    0.6700291    -1.413644
   2617.3215 -8.6836357e-05 -5.6764202e-05   -8.4935665    101.40621    14.661483   -33.515377   0.88239974 -0.031060688 -0.00044971585 0.0003657419    -26.41152   -10.163391    15.231719   -5.8280559   -1.3260666    1.1804605
   2855.5266 7.3097493e-05 -1.6081802e-05     13.06434   -95.630379   -17.149328    32.435352   -1.1115896   0.13474488 0.00011316465 -0.00039649915    25.003519    15.945362   -16.042755    3.0064256    1.2676611  -0.58560169
   3115.4106 -7.1639438e-06 5.3220527e-05     9.527956    89.395187    10.770685   -35.574883    1.1558559  -0.51483774 0.00019490684 0.00021727961    -28.10104   -15.010845    16.274796   -4.4482579   -1.2487706   0.99278051
    3398.947 -4.2764288e-05 6.9311045e-07   -50.823318   -63.086205    7.5238562    36.801407  -0.84757543    1.0526413 -0.00018354428 0.00013827725    33.900387    4.2367601   -13.682536    10.733047   0.87825561   -1.4833934
   3708.2886 -1.3981746e-05 0.00014690285    69.514236   -8.0403547   -33.912247   -20.465076 -0.067388795   -1.6509243 0.0002090351 0.00075634778   -31.101171     20.31439    3.2296093   -17.917002   0.24879187    1.7821981
   4045.7834 5.6506842e-06 -2.1711796e-05    3.7388279    44.403294    26.733753   -27.939049    1.9959067   0.68494135 2.2325581e-05 -0.00011617964   -3.2778833   -40.479172    15.483672    10.837035   -1.5132025  -0.42446926
   4413.9937 1.3440193e-05 -7.3097617e-06   -3.9613557    17.201082    29.647518    17.408234  -0.52673191    2.5837748 7.8405326e-05 -1.6770746e-05    43.588337  -0.43439949   -10.368196    15.137644   0.56503159   -1.4748528
   4815.7158 1.4576874e-05 6.6889711e-06    15.990078    31.023952    2.6579516     24.02492   -2.5546501    1.0819898 3.6715941e-05 7.5637116e-05    16.189556    40.523666    -15.00247   -3.2604997    1.4594269  -0.52553439
   5253.9985 2.0739963e-05 1.4092657e-05    14.145732    51.631413   -7.0295076    12.766087   -2.5805733  -0.52496845 -2.4991159e-05 0.00013151532   -16.417294    39.901775   -6.6809125   -11.163155    0.8371188   0.59982705
   5732.1699 1.5442266e-06 -1.8480667e-06    21.069967    57.777718   -6.4706078    5.5211911   -2.2758949   -0.9882139 9.1479887e-06 9.9775671e-06   -25.746098    33.353481   -1.7337182   -11.345712   0.48991501     0.728302
   6253.8599 -1.0339126e-06 -4.8183997e-06    48.789005    38.926659   -4.2180867    3.3556473   -2.5503361  -0.13701776 2.442173e-05 1.6851134e-05   -15.539829    39.365097   -3.9955268   -9.8903017   0.81165135   0.30269495
   6823.0298 -3.4968093e-06 1.0055386e-06    52.498516   -27.675472   -1.7333245    4.5596328   -1.5353582    2.1050837 2.3407572e-05 -4.6103401e-06    22.537807    34.721523   -9.4439745      -3.2091   0.80035377 -0.049962826
        7444 1.9768272e-06 7.2151799e-08   -40.551117   -35.990799    4.9695787    1.9909214    2.4614036    1.0654421 6.6854504e-06 -1.5731566e-05    29.431862   -27.262495   -2.1696391     9.205884   0.11665925  -0.40815696