          40 1.4774883e-05 -2.5205847e-05  -0.11993712   0.25948906 -0.067374282  -0.26235765  -0.14193602  0.098171942 5.5719342e-05 -0.00010176295   0.09481062   0.14409754   0.19352478   0.11241087   0.12921193  0.044115726
   43.640438 1.7647324e-05 -2.0965841e-05   0.14631619   0.60856724  -0.19233394  -0.32685298   0.19560878 -0.048205536 6.8503497e-05 0.00010499186  0.057961449   0.16636957   0.16493723  0.058624953   0.09775389   0.13653147
   47.612194 -5.9731242e-06 -1.3356116e-05    0.1612644    1.1144948  -0.37611577   -0.4319413  0.075806133   -0.2422455 -0.00011414109 -0.00010270318 -0.047953703   0.11545233  -0.11587124    0.3850714 -0.062163707  -0.13275665
   51.945427 -1.2269448e-05 -1.5770504e-05   0.76756597    1.3527447  -0.69016004  -0.40183702  -0.32232997 -0.033261523 -0.0004675774 -0.00018347181   0.19069366   0.16092958   0.45628759  -0.18980139   0.16999415   0.06138175
   56.673027 -3.1945503e-05 -3.2386855e-05      2.10498    1.6621662   -1.0985472  -0.36277413  0.043491825  0.087950319 0.0003125139 -0.00013556608   0.37427729   0.30374008   0.48674837   0.33249363   0.13274121   0.10323787
   61.830894 -3.4438399e-05 -6.3047632e-06    3.3262665    2.2053745    -1.435521 -0.053157222   0.14117762  -0.41904375 -0.00065846281 0.00025361698 -0.040283494   0.51286411 -0.072173387    0.4299044   0.10912301   -0.2767891
   67.458183 -8.4898602e-05 3.9561073e-05    5.7343168    0.7179997   -2.0292673   0.55897474  0.035677902   0.14954202 -0.0005849108 0.00014587097   0.14409411   0.26200494 -0.0084554013  -0.12907916    0.1288726 0.0069153537
    73.59761 -5.4836426e-05 0.00011004244    8.0189667   -1.5361347     -2.32814     1.510698   0.00327699  0.055218432 -0.00036060764 0.0006689367   0.13784915   0.48505166  0.014617775  0.032775804   0.28933099 -0.025272334
   80.295799 1.8058156e-05 0.00016573064    9.0663643   -6.3148808    -2.020591     2.956228  0.023472128  0.032044951 -0.00037476124 0.00074778713   0.35522243    0.4928669  0.066507906 -0.079897121   0.21069206 -0.044942174
     87.6036 0.00014219295 0.0001353196    7.5074673   -11.680914   -1.0327264    4.1486549 -0.008739558 -0.055782679 0.00054296781 0.00085550291   0.42605779   0.61726576   0.24391949  0.077883951  -0.01278006 -0.092106588
   95.576485 0.00023744932 5.7073532e-05    4.0141087   -17.030531   0.37232065    5.1305265  0.087175518 0.00048305912 0.0011193044 0.00046009061   0.90879023   0.47666276   0.38189316  -0.23313382   0.11427395 -0.077307992
   104.27499 0.00026440088 -0.00010067719   -2.1332028   -20.682261    2.3052146    5.5116715 -0.092344753  0.022479119  0.001241572 -0.00071398285   0.77009553  0.087835379  -0.11260548  -0.93254089   0.12344338  -0.23368928
   113.76516 0.00016719247 -0.00022267562   -9.4350414    -21.02774    4.1258206    4.9839153  0.071341082    0.1320793 0.00062098249 -0.001046708    1.2178924   0.16386384  -0.24667904  -0.82601506 -0.042286444  -0.42089328
   124.11903 2.8687589e-05 -0.00028591702    -16.48884   -19.471411    5.8386402    4.0431848   0.01751647 -0.024352204 0.0005215719 -0.0010856255    1.4231577  0.031873904 -0.052185986  -0.76051491  -0.10051978  -0.34162593
   135.41522 -0.00011402532 -0.00025022193   -23.903824   -15.023063    7.2205381    2.6881711  0.020083414 0.0032515598 -0.0003832755 -0.0010272857    1.3406969 -0.099831924  -0.89365846  -0.61750209  -0.12214503  -0.23495919
   147.73949 -0.00018687804 -0.00017315052   -29.970644   -8.8063908    8.3553638     0.887375  -0.03103691 0.0013975286 -0.00057068194 -0.000733111    1.4477414  -0.37508067   -1.1500024  -0.44579101   -0.2604903  -0.16708688
   161.18539 -0.0002397019 -0.0001045494   -34.276215  -0.12892157    8.9805365   -1.3838087  -0.01532989  0.034291074 -0.00086013682 -0.00058702764    1.5295235  -0.69080544   -1.3735042  -0.18229237   -0.3236002  -0.11977926
   175.85503 -0.00031237846 -2.6558714e-06   -37.428333    11.110025    9.1246967   -4.0993385 -0.037628982   0.00578976 -0.0011908202 -0.00011337251    1.5299132   -1.0311037   -1.7198226   0.35288826  -0.29564053  0.018640567
   191.85976 -0.00032706436 0.00019012496   -35.286289    24.220259    8.1181936   -6.8777413  0.031609897  0.036083873 -0.0013156949 0.00054079929    1.3528031    -1.496574   -1.6905267   0.82136011  -0.39475891   0.26611659
   209.32111 -0.00019829982 0.0003947127   -28.611559    36.450558      6.53508    -9.735734 -0.0090803448  0.019685186 -0.0010446999 0.0013540355    1.1118884   -2.0057199   -1.7129041    1.4846243  -0.42335239   0.32351118
   228.37161 7.9648162e-05 0.0004859129   -16.750401    48.535313     3.786531   -12.383488 0.0066401875  0.015753165 4.7079746e-05 0.0018414592   0.77027357   -2.4393501   -1.1763685    2.2317557  -0.33447987   0.41339335
   249.15593 0.00039095726 0.00033198879   0.80211872    54.888443  -0.23235321   -13.828347  0.022292793  0.024752082 0.0012723092 0.0015488014   0.10364792   -2.8506756  -0.46843311    2.7629616  0.048406024    0.6711359
   271.83185 0.00051689119 -2.2771857e-05    22.879021    55.753918   -4.9930868   -14.155117  0.045313843  0.025278464 0.0019778416 0.00027734565  -0.78855544   -3.0487316   0.52372205    3.0011561   0.23021987   0.67216963
    296.5715 0.00029960994 -0.00039730858     48.15728    46.274971   -11.036561   -13.205731 0.0035219039 0.0074036419 0.0014365466 -0.0012712732   -1.9414908   -3.0791404    1.7104577    2.7604647   0.26479477   0.46771863
   323.56277 -0.00016360769 -9.3217634e-05     68.63195    11.693186   -20.974669   -6.7399693   0.02213119 -0.054097511 -0.00053682667 -0.00048873073   -3.5541093   -2.4249244     2.799778    2.1046512    0.6732648   0.36802411
   353.01053 0.0001572819 -0.0003270318    65.996239    2.1318552    -17.92107  0.035278112  0.039702717 -0.024053015 0.00089966087 -0.0010809221   -4.3891344  -0.95868206    3.6124625   0.98985827   0.70475453  0.026755726
   385.13834 -0.00026641271 -0.00027471507    66.306488   -35.476524   -18.309023    8.3443975   0.02865673 -0.049325738 -0.00070939591 -0.0012936766   -4.7950001     0.877693    4.4483495  -0.92347831   0.79216707  -0.25403076
   420.19016 -0.00034072279 1.8998111e-05     43.34869   -70.173569     -13.4899    17.087267 -0.0016986278 -0.076837339 -0.0012787823 -0.00030688991    -4.297514    3.2038417    3.8328588   -3.1053245   0.73707306  -0.58790815
   458.43204 -0.00017205354 0.00022522037    -1.088411   -86.711082   -3.2347963    23.533865 -0.067307904 -0.064593375 -0.00090005773 0.00062120327    -2.413588    5.3988481    1.8301569   -5.0005383   0.13904572  -0.96621406
   500.15439 4.1620096e-05 0.00022129559   -54.098068   -74.698273    11.196038    23.608406  -0.13743362 -0.014167821 -0.00014546225 0.00085635012    0.8118875    6.4294772   -1.2848511   -5.6067829  -0.37840182  -0.92275226
   545.67389 0.00014832911 9.0694099e-05   -92.253128   -26.009567     25.27084    13.089903  -0.13033134  0.084696576 0.00040330153 0.00053591351     4.673111    5.1602979   -4.4773855   -3.9350028  -0.98759311  -0.48027819
   595.33618 0.0001381089 -4.0926221e-05   -88.283478    43.971626     30.50285   -7.7881355 -0.0071545932   0.23548256 0.00055106648 6.7973524e-05    7.4094777    1.1985136   -6.1848874  -0.35260469   -1.0394768   0.23757857
   649.51831 -5.7188194e-05 -4.0786861e-05   -33.892948    85.291695    13.160539   -27.153513   0.10881092 0.0070178253 -0.00013105015 -0.00023665253    6.4309745   -4.1564174   -5.4040208    3.7773454  -0.77334404    0.7779175
   708.63159 1.256723e-05 0.00010548775    39.186779    86.598816   -10.144341   -29.267372   0.17051513 -0.010197491 -0.00014823233 0.00038142476     1.910902   -7.9132147   -1.2523911    6.9665656  0.059470881      1.10772
   773.12482 -0.0002376527 -0.00027137279    91.234291    34.075668   -25.926905   -11.705087   0.17867565  -0.14618693 -0.00025327643 -0.0013644894   -4.4909821   -7.1418662    4.6736145    5.8786159   0.96769339   0.70853823
   843.48761 -0.00018596301 0.00019429077    84.941879   -57.643684   -26.878653    13.493482  -0.12785444  -0.31301522 -0.0010051689 0.00022724811    -8.860774   -1.0261501    7.7385445  -0.20291331    1.1591306  -0.32089019
   920.25421 0.00014749018 0.00016979958   -6.6219468   -105.70226   -2.7598784     31.67807  -0.47013304  0.077978648 6.6015775e-05 0.00085769017   -6.1083536    7.2725711    4.2203913   -7.0197225    0.3793602   -1.2143832
   1004.0074 0.00015605018 -0.00011691827   -96.789696   -40.049412    27.697607    16.926962  0.061277054   0.48152536 0.00074229192 4.049882e-05    3.4943879     9.263196   -4.2878685   -7.2940855   -0.8459782   -1.0789465
   1095.3831 -0.00010843598 -0.00014431489   -73.412491    77.218697    26.400681   -19.989254   0.43922997 -0.048437599 8.0032558e-05 -0.00068515545    10.291179   0.57058746   -8.7605658    1.1070821   -1.3427409   0.56711781
    1195.075 -0.00012382105 0.00011265615    54.286953    90.507278   -12.210772   -30.811306 -0.020872217  -0.32992598 -0.00063571584 -5.9140435e-05    3.9220088   -9.8257494   -1.5695918    8.9795084  0.044128865     1.326959
   1303.8398 0.00012971341 9.1990893e-05    95.727295   -37.824097    -31.85034    6.8971505  -0.29573223  -0.16090749 2.7615089e-05 0.00060300849    -8.919528   -6.0679984    8.6497517    3.3077521    1.5309564   0.15379347
   1422.5035 4.2453881e-05 -0.00015258601   -32.431599   -96.320847    5.1487951    31.843338 -0.059969384   0.23524027 0.00057282177 -0.00018131627   -7.1954751    8.5894165    4.0078435   -8.7094688   0.11849321   -1.4982268
   1551.9669 -0.00015420416 3.9404746e-05   -91.779152    39.902737    31.090242   -7.4253259   0.21191576  0.058055971 -0.0004035359 -0.00044592377     9.183156    7.2101088    -9.265399   -3.5721822   -1.3627529 -0.061645027
   1693.2129 0.00013762881 9.4871437e-05    60.044552    81.218994   -13.697502   -28.830706  0.028939528  -0.20829274 -0.00013730332 0.00061293069    5.7736921   -10.636112    -1.481032    9.9733906   0.23345421    1.5804509
   1847.3137 -6.176703e-05 -0.00016050508     52.14806   -86.610847   -22.324255    22.824791  -0.20730837 -0.024618641 0.00051610783 -0.0003830627   -12.437349   -2.1167877    9.9730692   -2.2559571    1.4199545  -0.73118615
   2015.4396 8.9879704e-06 0.00016738179   -102.93107    3.2930069    31.620987    7.9334793  0.083310664   0.24979943 -0.00061027583 0.0001244094    4.2878165    12.484691   -7.1683354   -7.4994907   -1.1783909   -0.7530517
   2198.8665 -7.3797255e-06 -0.00014520105    76.449257    70.812195   -16.194065   -30.456402   0.24672373  -0.26178738 0.00053583184 -3.3118973e-05    7.1120377     -11.7131  -0.98020416    10.243252   0.32952541    1.4218415
   2398.9875 3.6868772e-05 0.00010435295   -28.458927   -100.70907   -3.5985658     36.16375  -0.51376474  0.043430019 -0.00039671687 8.0132544e-05   -13.302557     4.796946    7.0304732   -7.4201708   0.54053879   -1.3497103
   2617.3215 -6.4766537e-05 -4.5044271e-05   -2.4761443    102.41985    15.920254   -34.262344   0.78765327   0.26462346 0.00022681741 -0.00017408552    14.364945    1.5801629    -9.520215    3.6359544   -0.9918285    1.0826691
   2855.5266 5.6055123e-05 -2.2150802e-05    5.9574938   -98.059296   -18.731874    33.230938    -1.382412  -0.34578258 -2.563198e-05 0.0002143797   -14.204452   -4.9057388     10.20426   -1.7109045   0.95966536  -0.67453986
   3115.4106 3.6615204e-06 5.6179157e-05    16.841829    92.791283    12.413874   -36.143795    1.5044354  -0.72052085 -0.00016015086 -0.00011903669    15.120035    4.5460882   -10.423513    2.5251608   -1.2716908   0.97138059
    3398.947 -5.4167922e-05 2.3116624e-07   -60.860405    -61.47118    6.1182547    38.703297  -0.75006425    1.1648659 0.00015219083 -0.00011207718   -16.730461   0.76008624    9.0126734   -6.4027724   0.90445244   -1.2742175
   3708.2886 2.3585328e-05 0.00016839709    78.859207   -20.575079   -35.396313   -23.643044  -0.05185191   -1.5332116 -0.0002826757 -0.00051225099     13.90495   -12.033205   -3.0929596    11.447299   0.15335707    1.5561597
   4045.7834 4.1107714e-06 2.8430775e-06    18.329689    57.837391    30.072264   -29.344515    1.7828567   0.84281969 -1.4696709e-05 -8.8531169e-06    3.6964071    20.052664    -9.654212   -8.1192102   -1.6293483  -0.39167243
   4413.9937 -1.8435348e-05 1.2133229e-05    -10.56474    37.401306    32.715405    19.246563  -0.85667968    2.5357139 7.1320836e-05 -2.172381e-05   -22.215954    2.3073263    8.1202269   -9.7069197   0.40565735   -1.5345956
   4815.7158 -2.7157314e-05 1.1077619e-05    1.6313505    37.281151    3.3985925    26.037943   -2.7740152   0.90921408 9.4550793e-05 2.9319039e-05   -11.003972   -21.002892    11.336226    2.9935496     1.292245  -0.27444103
   5253.9985 -1.8051909e-05 1.5895997e-05    5.0683751    49.194786   -7.3481569    13.516834   -2.6155508  -0.65291011 7.4813659e-05 3.5297158e-05     5.813798    -22.00425    4.8747563    8.1832304   0.90925926   0.45219308
   5732.1699 -2.2580452e-05 1.5704371e-05    14.743467    53.601048   -6.9117007    5.8540235   -2.2211697   -1.0553677 4.3648484e-05 8.8291868e-05     10.92679   -18.650654    1.5708209    7.8530889   0.85011369   0.87699246
   6253.8599 5.5786868e-06 1.6230288e-05    42.130363    36.648994   -4.5000544    3.7017732   -2.4856129  -0.24198881 5.9149566e-05 3.0761305e-05    4.9645185   -20.527555    2.7986996     6.828198    0.7495293   0.35620692
   6823.0298 9.0343583e-06 -6.0262551e-06    48.502605   -24.403524   -1.7620977    4.8971028   -1.6405786    2.0226219 3.9520004e-05 -2.2012013e-05    -13.31938   -15.739479    6.6229768    2.1762207   0.53729945 -0.0016848211
        7444 -2.4953158e-06 3.8231915e-06   -37.334801   -33.407215    5.2136412    1.9707124    2.3856506    1.1297263 -1.5203873e-05 -2.0684123e-05   -13.052937    15.225858    1.4167739   -6.4842439 -0.0063346736  -0.23694526