          40 -0.0001197591  -3.5505e-05   0.54724997   0.22173366  -0.10312683  -0.18238936 -0.0098340418  0.032867566 1.2098282e-05 -5.4028328e-07 -0.045274787  0.016693272 -0.020948505 -0.0061917705  0.039218843  0.083563156
   43.640438 -8.1371727e-05 -1.3741086e-05   0.88234156   0.20323126   -0.2382549  -0.20910171   0.51868063   0.31714424 -2.8619804e-06 -7.1950776e-06  -0.02719865  0.014123091 -0.014197157 -0.0024381832 -0.0083082281   0.10107371
   47.612194 -0.00023462003 0.00012762482   0.69728607   0.16530521  -0.38339913  -0.19695747  0.085556634  0.071061127 2.2585902e-05 1.634101e-05 -0.040839694  0.083625555 -0.040818322  0.022228712 -0.036957517   0.13548197
   51.945427 1.8230645e-06 0.00016545235    1.1769545   0.20001124    -0.565826  -0.23375759   0.15659589 -0.026795693 6.6771286e-06 -3.1122943e-06 0.00036986358  0.095452882 0.00021810988  0.028623873  0.076312207   0.12309521
   56.673027 -3.7798374e-05 0.00023524636    1.5668164  -0.12353501  -0.81426483 -0.047713306  0.042604271   0.12626529 -1.4521079e-05   1.4377e-05  -0.08106073  0.041264925 -0.006462771   0.04085505  0.060412508  0.025315983
   61.830894 4.4419394e-05 0.00028712093    2.5372355   -0.5510599   -1.0888523   0.14888383   0.84339577    1.2797836 2.400925e-05 1.0714086e-05   0.03807351   0.19014005 0.0073647997  0.049629468  0.096951544   0.10207345
   67.458183 0.00037492608 0.00047719985    3.3805258   -1.8019993   -1.3188012   0.68229514  0.067019179  0.053088807 4.4750846e-06 7.1014833e-06  0.049704332   0.10583354  0.064678892  0.082427762  0.097246729   0.15111981
    73.59761 0.00088155974 0.00042218191    4.0040021   -3.6580906   -1.4158448    1.3714947  0.027615529  0.014035729 9.1420434e-06 -2.3235473e-06    0.1126108   0.10342705    0.1517411  0.072587453  0.051147345 -0.059367571
   80.295799 0.0012380953 1.6188853e-05    4.0708294   -5.8161783   -1.2588893    2.1782665  0.020295847   0.13984697 6.7027495e-06 6.0475177e-06   0.14229867   0.10145064   0.21323748 0.0027246464   0.15796655 -0.081357032
     87.6036 0.0013035067 -0.00051699427    2.8228629   -8.5610294  -0.61330372    2.9791925 -0.0024004348  0.038250376 2.768677e-05 7.2773482e-06   0.19859074   0.15691319   0.22447954 -0.089020059    0.1750547 -0.089211866
   95.576485 0.0011329897 -0.0011672976  -0.40859729   -11.564495   0.39922273    3.6292801 -0.012485842 0.0023766188 2.9402665e-05 -3.5339076e-06   0.28126189  0.061866995   0.19480497  -0.20063373   0.30162156  -0.13944797
   104.27499 0.0005761786 -0.0018079154   -3.7402785   -12.832395    1.5342793    3.8178144 -0.032118607  -0.11415505 3.1115389e-05 -6.3766993e-06   0.24387647  0.062572218  0.098926097  -0.31030309  0.089872055  -0.18248305
   113.76516 2.5639629e-05 -0.0020495031   -8.3004608   -13.653335    2.7995036    3.5924528  0.091718204  0.058844402 2.8005365e-05 -5.1935986e-06   0.28196004  0.012688953 0.0044255154   -0.3524738 -0.047979537  -0.12853165
   124.11903 -0.00056071056 -0.0023944273   -13.169971   -12.853481    4.1689715    3.1343205  -0.03849842  0.058607996 3.267964e-05 -3.9737088e-06   0.32349679 -0.0048532323 -0.096352018   -0.4112159 0.0078276955  -0.28320685
   135.41522 -0.0015493763 -0.0022073993   -18.392269   -10.139459     5.356184    2.1988728  0.014473528 -0.025741927 1.5010691e-05 -2.1480881e-05    0.3142122 -0.093062483   -0.2648955  -0.37749952  -0.17585129  -0.33891293
   147.73949 -0.0023054304 -0.0017328102   -22.819218   -5.6369104    6.2828627   0.86177331 -0.017261844  0.023639625 6.3019975e-06 -2.2098699e-05   0.30076909  -0.16695066  -0.39506111  -0.29701436  -0.36783931 -0.079248443
   161.18539 -0.0030049896 -0.0011115767   -26.444878   0.76934069    6.8935766   -0.8473801 -0.017182572 0.0036214488 9.7836539e-07 -2.6799538e-05   0.30102652  -0.26022965  -0.51376277  -0.19009233   -0.2524645  -0.13204676
   175.85503 -0.0035476293 -0.00022629903    -28.16415    8.9662676    6.8855152    -2.812068 -0.005626577  0.022944024 -1.0653305e-05 -3.2320731e-05   0.25273475  -0.34262025  -0.60629982 -0.038845249  -0.32403687  0.031644125
   191.85976 -0.0037904407 0.00085831631   -26.909199    18.478773    6.5468497   -5.0230579 -0.006864937 0.0088167349 -1.6183685e-05 -1.9875502e-05    0.1891339  -0.40849322  -0.64678925   0.14649168  -0.47969562   0.11278198
   209.32111 -0.0035957065 0.0023629563   -22.415316    28.618441    5.3578048   -7.2628818 -0.00021377647  0.032796472 -2.0192489e-05 -1.5880063e-05   0.11146028  -0.47663802  -0.61417979   0.40365228  -0.38577732   0.24132164
   228.37161 -0.0027178877 0.0037516202   -13.312161    37.707455     3.225724   -9.3509436  0.027031295  0.023748856 -2.3838806e-05 -6.8449735e-06 0.0054038763  -0.53711987  -0.46378991    0.6401276  -0.18388495     0.349484
   249.15593 -0.0013739343 0.0048135021   0.20501858    44.206085   0.19621433   -10.739647  0.024747256  0.014352084 -2.5939262e-05 1.382395e-06  -0.12497879  -0.54556036  -0.23393983   0.81941879  -0.18039599   0.67072541
   271.83185 0.00036951812 0.0052151061    17.327187    45.028839   -3.6034818   -11.399158  0.020886278  0.011618813 -2.2045439e-05 1.0587947e-05  -0.30456156  -0.55205852  0.062796488   0.88679993 -0.019728962   0.48449609
    296.5715 0.0025303399 0.0049793804     37.32008    38.069443   -8.1151867   -10.584252  0.014777215 -0.023135656 -1.4806963e-05 1.6106862e-05  -0.51572853  -0.50258982   0.43002754   0.84644967   0.19860709   0.59978396
   323.56277 0.0040212017 0.0042882254    54.220478    12.355749   -16.079081   -5.9573841  0.028521301   -0.0151053 -1.3670715e-05 2.2578111e-05  -0.78687233  -0.30396152    0.6861099   0.73155957   0.68537778   0.45664603
   353.01053 0.0072977738 0.0020493672    54.065277    2.7635031   -14.192108  -0.78736681  0.013601808 -0.010974141 1.7976254e-06 2.7686228e-05  -0.87466723 0.0031356181    1.2413279   0.34853825   0.55379194   0.24918745
   385.13834 0.0075608082 -0.0019360264    56.232601   -26.834242   -14.508794    5.7630172  0.020421213 -0.053286165 1.9399877e-05 1.9663872e-05  -0.83942473    0.4047426    1.2892309  -0.33007717   0.92286503  -0.21261239
   420.19016 0.0046818182 -0.0050811511    37.414528   -55.259335   -11.961301    13.593597  -0.03583141 -0.014882108 2.0632742e-05 -1.373826e-05  -0.76517117    0.8774758   0.79667532    -0.864281   0.31413209   -0.8826918
   458.43204 0.0016245176 -0.0082095619    2.5869603   -72.873917    -3.557972    18.736403 -0.047599614 -0.048296586 2.711812e-05 -8.666867e-06  -0.21413566    1.1197751   0.27555549    -1.392206   0.11510716   -0.8871786
   500.15439 -0.0031715473 -0.0080570346   -41.818268   -65.431129    7.9290953    19.314863 -0.095469892 -0.024073346 1.5288384e-05 -2.0619043e-05   0.45401111    1.1666576  -0.53964072   -1.3708009  -0.40916842   -1.0370493
   545.67389 -0.007751876 -0.0046414565   -77.151642   -26.660561    20.033297    11.747401  -0.11389773  0.078390494 1.8731544e-06 -2.2979682e-05    1.1798347   0.77040225   -1.3140912  -0.78681135  -0.88529176  -0.76439488
   595.33618 -0.0088301301 0.0012998316   -77.956406    33.273815    25.623169   -5.1326776 -0.021427937   0.18736622 -1.0417227e-05 -2.0497899e-05    1.5606647  -0.13976945   -1.4956217   0.22015454    -1.008396   0.11989934
   649.51831 -0.0056938413 0.0075890315   -34.590546    71.184303    11.818614   -22.033781  0.095253468   -0.0177547 -3.5317968e-05 -1.4637971e-05     1.018249   -1.1976218   -0.9683823    1.2907343  -0.84434378   0.74471104
   708.63159 -0.00036544181 0.0098807719    28.436316    77.454865   -7.4711399   -24.611532   0.14618795  0.013866567 -2.9554447e-05 1.6619788e-05    -0.171767   -1.6759509 -0.061928567    1.6749387  -0.12608258    1.1630613
   773.12482 0.0082490919 0.0048788735    77.211975    35.274208   -21.238325   -10.488604   0.13023178  -0.11904357 1.9124143e-06 4.1650328e-05   -1.4152158   -1.0713069    1.4009575   0.82859385    1.1717565    1.0447631
   843.48761 0.0081180334 -0.0027236021    78.310249   -46.250969   -23.136375     10.69649  -0.10141273  -0.29507563 3.1460382e-05 1.9114355e-05   -1.7901727   0.54240924    1.3726754  -0.46054029    1.2098742  -0.27489695
   920.25421 0.0025513873 -0.0082979985     0.349594   -93.837143   -3.3861494    26.645212  -0.37541661  0.078131363 3.2291293e-05 -1.6941542e-05  -0.49917287    1.8950185   0.43175378   -1.4039752   0.42862564   -1.2703645
   1004.0074 -0.0058660554 -0.0064482586   -84.489143   -41.790302    22.984619     15.33534  0.095190123   0.41689169 -5.9245906e-07 -4.0261904e-05    1.5143071     1.348744  -0.99322587   -1.0917994  -0.91627973   -1.0427374
   1095.3831 -0.0087963641 0.0027771285   -69.246552    64.186554    22.930447   -16.350473   0.38709024 -0.054180309 -3.7417314e-05 -1.4885993e-05    1.8807498  -0.96155941   -1.4892663   0.47015542   -1.2754835   0.30015406
    1195.075 -0.00028484958 0.0089381374    43.476963    84.776665   -9.7052631   -26.577469 -0.046657596  -0.30729878 -2.5643929e-05 3.417498e-05  -0.43544263   -2.0612085 -0.048148323    1.5099837   0.14098892     1.414264
   1303.8398 0.0088600218 0.0023370609    89.507889   -29.338112   -27.847946    5.5340495  -0.29574883  -0.16655907 3.1066433e-05 2.8659411e-05   -2.1440759   0.16026154     1.498826   0.39541849    1.3442844    0.2895079
   1422.5035 0.0033232374 -0.0086933104   -24.771671   -89.399826    4.0723419    27.913118 -0.040819179   0.23098622 3.2814409e-05 -3.2234409e-05  0.042561587    2.1703436   0.56181496   -1.4697286   0.27118665   -1.4880916
   1551.9669 -0.0092822956 -0.003273339   -86.484398    31.636028    27.249037   -6.3206892   0.21173084  0.039550666 -4.0288938e-05 -3.3362103e-05    2.1663163  -0.26349565   -1.5694804  -0.55339158   -1.5653391  -0.20782487
   1693.2129 -0.0016268553 0.0099367499    50.546432    76.172035   -11.961185   -25.003088  0.021178262  -0.20027265 -2.6095646e-05 5.3543034e-05  -0.78650188   -2.0154786  -0.27522221    1.6810088   0.11517349    1.3699176
   1847.3137  0.010263599 -0.0017981168    52.677696   -77.009186   -19.200113     20.11084  -0.19819705 0.0047094668 6.1532097e-05 -1.80629e-06   -1.5047427    1.5081774    1.7377002  -0.30440769    1.4321201  -0.58252877
   2015.4396 -0.0067977142 -0.0084107304   -94.378326   -2.0913911    27.637609    6.6152091   0.10750738   0.23820885 -4.0468491e-05 -5.3978063e-05    2.0299218   0.45912293    -1.152133   -1.4255406   -1.3926115  -0.88167924
   2198.8665 -0.0021352158  0.010837452    66.749084    69.623581    -14.49839   -26.146486   0.20598832  -0.27505887 -5.5428113e-06 7.4009971e-05   -1.0344934   -1.7104172  -0.36231133     1.839034   0.26909572     1.371532
   2398.9875  0.008336083 -0.0076499828   -21.289377   -92.133057   -2.5368383     31.49169  -0.50172269  0.090540692 5.1156163e-05 -6.8364556e-05  -0.14624359    1.9248351    1.4099275    -1.293879   0.82210386   -1.3325146
   2617.3215 -0.011100645  0.003681699   -7.4307356    90.509773      12.9341   -30.065002   0.78393489   0.18799396 -8.8722867e-05 5.6873927e-05   0.82724303   -1.6006973   -1.8728604   0.62117881   -1.1806144   0.99682051
   2855.5266  0.011590463 -0.0013724735    11.903954   -85.982452   -15.167089    29.115824   -1.3947706  -0.23658045 9.2095499e-05 -6.3476728e-05  -0.96047729    1.3755795    1.9557484  -0.23159981    1.2944113  -0.81041682
   3115.4106 -0.011824393 0.0024323829    7.7686777    80.254738    9.3245516   -31.458706    1.4425913  -0.84017956 -9.0702211e-05 0.00010249883   0.76429218   -1.3714727   -1.9991341      0.41121   -1.4078864   0.96067959
    3398.947  0.010272809 -0.0063029998   -45.130077    -56.73716    6.7875819     32.65591  -0.64110619    1.2319132 1.7604083e-05 -0.00015485907   -0.1813764    1.3805107    1.7322403   -1.0628264   0.73450005   -1.3252095
   3708.2886 -0.0046892348  0.011195475    62.562241   -6.3325138    -29.91227   -18.056517   -0.2047713    -1.465893 0.00015335549 0.00011325369  -0.66415089   -1.0221932  -0.78993613    1.8861755   0.30513313    1.5246692
   4045.7834 -0.0089764381 -0.010897442     1.614604       41.507    23.842178   -24.518108    1.7598479   0.63847041 -0.00015846941 0.00015970164    1.0864556   0.15781191     -1.51545   -1.8397262   -1.6354939  -0.46517178
   4413.9937  0.012263569 -0.0097013814   -6.5965447    15.076026    26.263077     16.12071  -0.67882222    2.4043214 -0.00024079908 -0.00012618049  -0.58204097    1.0343442    2.0650158   -1.6336384    0.1705492   -1.6067528
   4815.7158   0.01573172 0.0057693208    11.556037    25.710558    2.0536318    22.210531   -2.6778073   0.95162594 -0.00010101392 -0.00022651105    -1.592428  -0.61528087    2.6459332   0.97029328    1.2341149  -0.52017206
   5253.9985 0.0060601039   0.01106284    11.554225    45.190674   -6.6312861    11.931952   -2.6261525  -0.60124731 -2.4180285e-05 -0.00019983517   -1.2318517   -1.4053943    1.0194633    1.8609247   0.93929982   0.56571215
   5732.1699 0.0019848763 0.0099337325    18.890394    51.817345   -5.9687357    5.2724876   -2.2744653  -0.99040258 -4.0119721e-05 -0.00014372499   -1.0846114   -1.4582778   0.33448336    1.6742948   0.76749617    0.4712362
   6253.8599 0.0034252654 0.0082467692    43.463829    34.094597   -3.7225516    3.3427236   -2.5563097  -0.18861911 -6.4493863e-05 -6.8996931e-05   -1.4510165  -0.78207719    0.5770821    1.3893414   0.61283672   0.39276624
   6823.0298 0.0082011372 0.0026384711    46.953697   -25.619099   -1.3735285    4.1475754   -1.6034441     2.087369 -6.5196422e-05 8.3969262e-06   -1.2376962   0.76781404    1.3802003   0.44405016   0.46835306  -0.14740779
        7444 0.0017141703 -0.0081274705   -37.629456   -32.330078    4.4674587    1.6691169    2.4568548    1.1066059 3.5118446e-06 5.9928298e-05   0.96575373   0.87137222   0.28858799   -1.3681332 -0.049451604  -0.35441089