          40 1.0328639e-05 -3.1306122e-06    0.1088972  0.072739504 -0.065332346   -0.2035258 -0.011914604   0.13824029 2.6659134e-05 -8.8119054e-07  0.047305252   0.02195612 -0.013123428 -0.061774977 -0.054310501  0.048985738
   43.640438 1.239295e-05 -9.7310649e-06   0.27120364  0.086027369   -0.2002247  -0.25812167   0.15311521   -0.3328872 1.456143e-06 4.2410698e-05 -0.014789983  0.083566695  -0.10235035 -0.045079712   0.11979592   0.10916909
   47.612194 -3.2905522e-05 1.1773274e-05   0.54894787     0.493009   -0.3405726  -0.29773757   -0.1621872 -0.051007751 -0.00018288636 4.1249655e-06 -0.0019812332   0.12979434   0.20363103  0.040214933  0.038128801  0.041092128
   51.945427 -2.2735043e-05 -1.375834e-05    1.1777449   0.44811058  -0.58770514  -0.30336446  -0.14136019   0.10094973 -0.00011928567 -3.4201134e-05   0.16438419   0.17207323   0.43597388   0.12225187   0.14292504 -0.022574041
   56.673027 -1.0013625e-05 -1.6247262e-05    2.1526101   0.69302124  -0.92343837  -0.13965732  -0.03701717 -0.0048754402 -7.8932062e-05 3.3632819e-05 0.0080700805   0.19270161   0.22718817   0.16356847  -0.05672767   0.16087554
   61.830894 -9.7516204e-05 -6.9330068e-05    3.2239149  -0.69687879   -1.2147554  0.092921473   -2.1044421  -0.15384501 -0.00026369074 -0.00019171981  0.085733749   0.23880145  0.010792029   -0.1249475   0.23277564   0.20698561
   67.458183 -4.8862508e-05 3.797375e-05    4.1532583   -1.0167376   -1.5534275   0.64070314 -0.053222712 -0.072140105 -0.00012767709 0.00011924087   0.08803203   0.20978507  0.046437901 -0.070425086  0.099204324 -0.0099136932
    73.59761 -2.2169666e-05 7.7439596e-05     5.144248   -3.0923789   -1.6952599    1.3876927  0.046200477  0.099297665 -4.3893728e-05 0.00014645421   0.15369719   0.26402172  0.052622892 -0.015687481  0.062876046 -0.027205979
   80.295799 3.4076253e-05 0.00011296361    5.3576002   -5.9652715   -1.4539521    2.3057661 -0.0093763275  0.010702514 6.865833e-05 0.00023808144   0.25013688   0.27106029   0.11471142  -0.08067663  0.094747543 -0.071351945
     87.6036 7.8253455e-05 8.5392618e-05    3.8233488   -9.2829866  -0.70447695    3.1929433   0.10255766 -0.0081039965 9.2598755e-05 0.0001771254   0.28151104   0.30119729 -0.065937027  -0.21379538 -0.00053189247  -0.11255296
   95.576485 0.00014432403 3.0157476e-05     1.285686   -12.200828   0.32286656    3.8966172  0.029081138  0.071375176 0.00035625033 3.4315271e-05   0.48857856   0.21911891   0.11788586  -0.30820462  0.097705908  -0.14520951
   104.27499 0.00017327727 -6.3135696e-05   -3.0244915   -14.461151    1.6706384    4.2863374 -0.078407444 -0.039177977 0.00039929422 -0.00011763494   0.47613207   0.22793719  -0.22261204  -0.30014628  0.053766247 -0.079012938
   113.76516 0.00010377947 -0.00016891057   -8.4055939   -15.239867    3.0876768    3.9221044  0.035128497 -0.054465614 0.00014906167 -0.00029912413   0.61240739  0.021590853   -0.2041098  -0.44198579  0.088097364  -0.32553437
   124.11903 3.0198023e-06 -0.00020681122   -13.759059   -14.118762    4.4447803     3.400281 0.0095866676  0.033740629 2.8640485e-05 -0.00057725178   0.74138993 -0.030261526  -0.42029709   -0.6179859 0.0016086878  -0.39936945
   135.41522 -0.00010166474 -0.00017611939   -19.396692   -11.161932    5.6596613    2.2842743 -0.027499352 -0.0028377045 -0.00016825632 -0.00035511202   0.78025711 -0.068766199   -0.5061934  -0.23630311  -0.13722536  -0.30658478
   147.73949 -0.00015322215 -0.00011705448   -24.861488   -6.4329066     6.826086   0.82823628  0.013234412 -0.026396459 -0.00030356983 -0.00026260735   0.81682438   -0.2376148  -0.64952195  -0.15087119  -0.15980606  -0.20114891
   161.18539 -0.00017240945 -6.9667032e-05   -28.133076   0.61683208    7.3014646  -0.92619431 -0.048800409 0.00026648646 -0.00030568708 -0.00016944815   0.85270619  -0.44202542  -0.76201844  0.024949575  -0.36325634  -0.10742666
   175.85503 -0.00022159555 -5.2768851e-06   -29.279865    9.2398396     7.352448   -2.9970613  0.043112028  0.001749724 -0.000445507 -6.4158296e-05   0.81057382  -0.63390851  -0.85993922   0.20559564  -0.30415699 -0.081267327
   191.85976 -0.00025093072 0.0001222454   -28.556473     19.55941    6.8803887   -5.3959136 0.0022288049  0.022905584 -0.0005209946 0.00016345819   0.76784551  -0.89984047  -0.89151704   0.50562996  -0.32430229   0.22664879
   209.32111 -0.0001664884 0.0002827656   -23.780062    29.839989    5.6617537   -7.7502322  0.015863631   0.02197098 -0.00037458815 0.00050641311   0.63325346   -1.1244657  -0.83550984   0.89573008  -0.32252336   0.24145517
   228.37161 5.630379e-05 0.00036626411   -14.035697    39.448395    3.3247643   -9.8547592  0.023256347  0.028319331 -1.2845274e-05 0.00072659849   0.38790542   -1.3995448  -0.53992832    1.2583562  -0.21399228   0.55207515
   249.15593 0.00029755622 0.00025908672   0.19706109    45.868065   0.13335581   -11.238504  0.006581706  0.024675615 0.00050044787 0.00060118636  0.041018069   -1.6103033  -0.11698046    1.5105238  -0.12553731   0.61813456
   271.83185 0.00038709998 -7.1323443e-06    18.028669    46.263214   -3.7598109   -11.752467  0.041245215  0.018128984 0.00074468856 0.00012651252  -0.48505932   -1.7338713    0.4067457     1.645698   0.30671793   0.37589154
    296.5715 0.00022692548 -0.00029519174    38.866776    39.982166   -8.7323847   -10.689181  -0.11290352 -0.079475112 0.00054488337 -0.00046601435    -1.133455   -1.7408738   0.91625255    1.3199203  -0.12952232   0.28799945
   323.56277 -0.00010502789 -4.4967375e-05    55.901348    12.305354   -16.780348   -6.0241284  0.019278504 -0.037903164 -0.00017892159 -0.00013271607   -1.9671171   -1.3328059    1.4523702    1.1231807   0.41603163   0.45560992
   353.01053 0.00016035981 -0.00023922033    55.558308    2.9029531   -14.556836  -0.69056714  0.016221385 -0.015577786 0.00041217005 -0.00037441822   -2.4350173  -0.52061075    2.0915763   0.56200826   0.64521289   0.14397636
   385.13834 -0.00017676665 -0.00022728945     57.21331   -27.651485   -15.060746    6.1286077  0.024589894 -0.060862575 -0.00020833485 -0.00051099039   -2.6869912   0.55370301    2.3625965  -0.50855219   0.85491186  -0.26205343
   420.19016 -0.0002573253 1.7601288e-08    38.752758   -57.029968   -11.473566    13.611376 0.0010383367 -0.085529111 -0.00047827998 -0.00014258809   -2.3898425    1.8520172    1.9454597   -1.6588748   0.64228332  -0.50368345
   458.43204 -0.00013395045 0.00016326309    2.6159739   -74.199524   -3.5541623    19.180136  -0.05774178 -0.057738256 -0.0003466807 0.00022079881   -1.3097845     3.059319    1.0022693   -2.6268055   0.22542486  -0.89251137
   500.15439 3.2131644e-05 0.00016009272   -42.386185   -65.696022    8.2981148      19.7024 -0.098193564 -0.0030154542 -4.4695375e-05 0.0003111987    0.5399887    3.6076441   -0.6261161   -2.9341652  -0.29405448  -0.96191806
   545.67389 0.00010201763 6.0337417e-05   -77.682411   -27.013386    20.222029    11.884622     -0.10616  0.075981058 0.00014056113 0.00018117123    2.6850185    2.8477166   -2.3295448   -2.2039635  -0.86111194  -0.77217704
   595.33618 8.3742751e-05 -2.0869022e-05   -78.647812    33.345085    26.007999   -5.2712398 -0.013857963   0.20532246 0.00016479616 2.7830663e-05    4.2260065   0.58383965   -3.3659656  -0.32596856  -0.94265097  0.065732606
   649.51831 -4.6492394e-05 -1.2390212e-05   -34.689945    71.742111    11.993236   -22.464569  0.079351582 -0.0045021842 -7.0195951e-05 -6.0782739e-05    3.6728103   -2.4621124   -3.0424652    2.0003963  -0.76826692   0.75273621
   708.63159 2.0818792e-05 0.00011470928    28.775251    78.784767   -7.5724573    -25.09849   0.16902968 -0.0062230695 -6.8125322e-05 0.00021427532    1.0037855   -4.5764866  -0.82819253    3.8638227  -0.16488358   0.92249495
   773.12482 -0.00017890507 -0.00025545841    78.010269    35.979256   -21.435926   -10.571258   0.11357358  -0.13243738 -4.5508761e-05 -0.00059994007   -2.7205517   -4.0828953    2.5058303    3.2517345   0.90869427   0.92798209
   843.48761 -0.00016883733 0.0001550842    80.324242   -46.739082   -23.501232    10.749741  -0.12732843  -0.29726103 -0.00043614765 7.0035108e-05   -5.2381687  -0.37270471    4.3310437 -0.0075666574    1.2015123  -0.26945373
   920.25421 0.00011892176 0.0001454452   0.53900141   -94.927223   -3.4558725     26.90675  -0.42690504   0.08601024 1.7348202e-05 0.00036123773   -3.3813462    4.3823824    2.5458872    -3.769285   0.40222552   -1.2187899
   1004.0074 0.00012886111 -9.5821437e-05   -84.696625   -42.179115    23.084614    15.303466   0.10889839   0.40820938 0.00030849371 1.7745306e-05    2.3078606    5.2974229   -2.2245204   -4.2609944  -0.84014052   -1.0343872
   1095.3831 -8.8584449e-05 -0.00011868096   -70.515282    64.569572    23.045834   -16.388351   0.40594864 -0.056317493 3.3876873e-05 -0.00028230247    5.9709225 0.0081779193   -5.0237236     0.429533   -1.1148938    0.3654615
    1195.075 -0.00010180946 9.9029698e-05    43.117504    82.454597   -10.076094   -26.750505 -0.033673141  -0.29547507 -0.00027141109 -1.627749e-05    1.8362164   -5.8300195   -1.0624523    5.0218167    0.1588311    1.3841095
   1303.8398 0.00011419869 8.157843e-05    89.829468    -28.41552   -28.024961    5.4697752  -0.26985037  -0.15944099 1.1396003e-05 0.00026860565   -5.4273686   -3.1045446    4.9544125    2.1426606    1.3366786   0.34813935
   1422.5035 4.0913528e-05 -0.00014013388   -24.488276   -90.849663    4.2053657    28.250189 -0.060502678   0.21967956 0.00026644373 -8.07631e-05    -3.650245    5.2574439    2.5174608   -5.0116453   0.28614071   -1.3873987
   1551.9669 -0.00015040638 3.0154422e-05    -87.99054    31.527498    27.405344   -6.4160891    0.2237715  0.035999522 -0.00018358651 -0.00022542721    5.5251398     3.610817   -5.3373389   -2.2299197   -1.5529217  -0.16056305
   1693.2129 0.00012493919 0.00010254672    50.512974    77.669044   -12.013521    -25.23394  0.030670486  -0.20071015 -9.1237838e-05 0.00029082395    2.6684482   -6.2691412   -1.0497408    5.8376508   0.03499015    1.5586196
   1847.3137 -3.9378196e-05 -0.0001607281     52.20015   -76.306908   -19.160639    20.078482  -0.20781918 0.0050032814 0.00027106513 -0.00015222229   -6.9640169   -0.4970347    5.8172245   -1.1539871    1.2898165  -0.62171775
   2015.4396 -2.0173025e-05 0.00015253446   -94.173866   -2.0834668    27.585909    6.4414554   0.10351215   0.22162926 -0.00028714343 4.5893544e-06    3.0436184    6.5557861   -4.0383301   -4.4582362   -1.3032497  -0.77229136
   2198.8665 2.3648628e-05 -0.00011926921    65.810936    67.300423   -14.292121   -25.738279   0.19953336  -0.26384547 0.00022211566 4.1541207e-05    3.2096677   -6.6869497  -0.67564875    5.9372649   0.40921345    1.5823168
   2398.9875 8.1874769e-06 7.7510675e-05   -20.723171   -90.707512   -2.4485323    31.160309  -0.48736227  0.090219714 -0.00014377126 -5.0402996e-06   -6.8587542    3.2655694    4.2198482   -4.2212496   0.54383248   -1.5265895
   2617.3215 -3.9534392e-05 -2.6119673e-05   -8.2077103    90.250832    12.684222   -29.605295   0.77690417   0.18539616 6.7588393e-05 -5.4560514e-05    7.7033024   0.15065925   -5.6876559    1.9790628    -1.038954    1.0125432
   2855.5266 3.8013735e-05 -2.9561021e-05    11.810061   -83.919914   -14.992425    29.007219   -1.3656337  -0.25139701 1.4381905e-05 8.6172258e-05   -7.6383872   -1.8961213    6.0570331  -0.89907771     1.408404  -0.88234299
   3115.4106 9.9488771e-06 6.0446306e-05    7.0946374    78.609924    9.1835146   -31.251484    1.4395536  -0.82669938 -9.4352108e-05 -5.6753455e-05     8.128438    1.7404529   -6.2256594    1.4410335   -1.2862524   0.86159056
    3398.947 -6.4725988e-05 -1.582993e-05   -43.103268   -56.055511    6.8834271    32.066082  -0.64278448    1.2190523 0.00010956761 -4.5158169e-05   -8.7136974      1.09571    5.4729042   -3.7722116   0.80707079   -1.3583622
   3708.2886 -2.0686534e-06 0.00010661758    60.447315   -3.2868114   -29.245749   -17.318678  -0.20854278   -1.4489427 -6.3259205e-05 -0.00017594107    6.5635939   -6.6495938   -1.7791938    6.5755372   0.31013012    1.5386624
   4045.7834 2.3898061e-05 4.1221818e-05   -1.9044566    36.736927     23.05624   -23.592134    1.7189987   0.61784339 -4.5662611e-05 -6.8680631e-05    2.5692699    9.7815628   -5.3999491   -4.6320496   -1.5012028  -0.14355159
   4413.9937 -4.5189743e-05 5.0924067e-05   -4.5200472    10.034952    25.221121    15.822612  -0.65772474    2.3574238 9.8948381e-05 -6.193306e-05   -10.984593    1.8152565    4.8329039   -5.3167357   0.27310848   -1.5328766
   4815.7158 -6.8316513e-05 2.491574e-05    14.197605    24.708714    1.6471318    21.597002   -2.6202474    0.9128679 0.0001174884 4.1535135e-05   -6.0732894   -10.260714    6.5700784    1.9021901    1.4406009  -0.44517821
   5253.9985 -5.7914665e-05 2.6219504e-05    13.110008    45.447002   -6.7283239    11.569131   -2.5788999  -0.58362114 8.1990293e-05 7.4359508e-05    2.1579037     -11.5148     2.878845    4.8755965   0.95108271   0.49124628
   5732.1699 -4.6817127e-05 3.8521739e-05    19.303816    51.914776   -6.0351071    5.1785073   -2.2050111  -0.98335952 5.6655772e-05 9.4574461e-05    4.7616286   -10.075956   0.94110519    4.7215447   0.62829489   0.51645434
   6253.8599 1.0425843e-05 3.873169e-05    44.745319    34.675812   -3.8146801    3.2854643   -2.4789519  -0.17589086 6.7543588e-05 4.1269377e-05    1.5948648   -10.507914    1.6567656     3.980732   0.44455895    0.3690736
   6823.0298 2.0874853e-05 -1.1158651e-05    48.339798   -26.734016   -1.4137359    4.3142195   -1.5967357    2.0377173 4.5979134e-05 -2.0017114e-05   -7.3259773   -7.3539014    3.9055305    1.2896652   0.47966549 -0.022205422
        7444 -7.8055236e-06 6.3283424e-06    -37.33194   -32.023209    4.4361668    1.5067717    2.4100149    1.0845925 -9.1165903e-06 -2.7372616e-05   -6.0097647     8.143321   0.86649567   -3.8564303  0.035199374  -0.45266637