          40 4.0105337e-05 -2.7069587e-05 -0.095257819   0.46583128   -0.1419403  -0.31154305  -0.11377635  -0.19177298 0.0006617051 0.00022026592    0.2580719   0.46765605   0.76562274    0.6834327   0.23068815   0.23405448
   43.640438 1.0901647e-05 -2.3356615e-05   0.15488891   0.81139761  -0.25085738  -0.36412245  0.027615102  -0.29723328 -0.00028945704 -0.00016324525 -0.086670175   0.14775777    0.2065876   0.19554156 -0.031228332   0.16142316
   47.612194 1.8346844e-05 -3.8111477e-05   0.53242671   0.76848155  -0.43222719  -0.32674015   0.10282946 -0.057005584 0.00087199803 -0.0029885212   0.26206738  -0.17771566    0.5049392    -1.441009     0.267005  -0.19043076
   51.945427 -1.6902832e-05 -2.0377292e-05   0.93006456    1.3916885  -0.74259967  -0.36631802 0.0083030621    0.1662968 0.0028461467 -0.00053163327   0.56135386   0.44267675    1.1460871    0.2258283   0.43499768   0.29872164
   56.673027 -2.5043568e-05 -1.1994494e-05    2.0364544    1.6386073   -1.0210595  -0.20427349  -0.18958314 -0.069363467 -0.00044591597 0.00075692643   0.23586993   0.10862985  -0.53637189   0.52453113 0.0065805935   0.46018898
   61.830894 -3.4014716e-05 -1.5392481e-05    3.2340875   0.75448006   -1.4962724 -0.034204405   0.23002763  -0.68078393 1.5674682e-06 6.1834566e-05    0.1397409  0.034840699   0.36094117  -0.89445573   0.11263762  0.080465473
   67.458183 -7.1363669e-05 5.0737603e-05    5.1064496    0.1523135   -1.9089714   0.65103376 -0.030129187  0.052016355 -0.00093054736 0.00038831751    0.4089793    0.5356192   0.39548448  -0.10334221   0.14241971 -3.0363435e-05
    73.59761 -3.5185847e-05 0.00011300977    6.7834215   -2.4347792   -2.1370006    1.6097759  0.056504652 -0.096894152 -0.00028370626 0.0020177835   0.19036891    0.7709313  -0.17981929   0.14325099  0.069987699 -0.0053874352
   80.295799 4.3638131e-05 0.00013731667    7.1628966   -6.0111713    -1.696069    2.7278025  0.039123371 -0.0074591143 -0.00037828166 0.0011858295   0.50542337   0.38736477 -0.049842384  -0.69530058 -0.047364172  -0.23654558
     87.6036 0.00014443664 0.00012456713    5.9925852   -10.292872  -0.98607063    3.7774241  0.062129952  0.012734367 0.0011601702 -0.00013412537   0.74149394   0.56263006 -0.013306397  -0.86267954   0.31643322  -0.39592984
   95.576485 0.00021594513 3.8096048e-05    3.0739326   -13.967299   0.36206618    4.7065487    0.0275052  -0.01273414 9.9589393e-05 0.0015859789   0.89012694   0.68714738 -0.016385974  -0.16773869   0.23099783  -0.13983506
   104.27499 0.00022241886 -9.8436009e-05   -2.1624665   -16.843069    1.9822626    4.8871989  0.032934818  -0.10412323 0.0027781907 0.00013218859    1.5564196   0.88633543   0.65304238   -0.3889713 -0.036899373  -0.30883503
   113.76516 0.00015987814 -0.00023439585   -8.2842035   -18.022875    3.7004948     4.739512  0.024627768 -0.016102925 0.0012245903  -0.00308203    1.5983257   0.70409912  -0.28707379   -1.2411509   0.23147555  -0.51577425
   124.11903 4.1942426e-06 -0.00029131773    -14.58287   -16.764795    5.2615943    3.9835944 -0.00082433148  0.024558455 -0.00027355846 -0.0022466306    1.8674998 -0.018937096    -1.098933   -1.6582719  0.012512553  -0.53678602
   135.41522 -0.00013065056 -0.00025254284   -20.557087   -13.866021     6.751277    2.8077142   0.00404533  0.025344813 -0.00080862484 -0.0015706347    2.2270243  -0.15677013    -1.293177   -1.1502647  -0.27756321  -0.39204943
   147.73949 -0.00021370121 -0.0001613646   -26.358463   -8.2605772    7.8566275    1.0341401 -0.010641464  0.001956892 -0.0013546804 -0.00091688015    2.2741249  -0.50001526   -1.8526765  -0.61487442  -0.43372816 -0.019419521
   161.18539 -0.00028554167 -6.2285886e-05   -30.603733  -0.82273382    8.6763735   -1.1244506 -0.0030605607  0.034096617 -0.0017089726 -0.00045955871    2.4368584   -1.0626585   -2.2916501  -0.30408236  -0.41226712 -0.036731739
   175.85503 -0.00031955066 5.3418917e-05   -33.131161    9.1501923    8.8466063   -3.7353466 -0.017387435 -0.020724453 -0.002183086 -0.00025599031    2.3992841   -1.7541385   -2.6990564   0.14157665   -0.2794697 0.0034400062
   191.85976 -0.0003104377 0.00021836792   -31.598516    20.538229    8.0374012   -6.5114079  0.015587829 0.0029577904 -0.0021467549 0.0010359039     2.252039   -2.3398302   -2.8135169    1.2025497  -0.59077579   0.14188735
   209.32111 -0.00016679602 0.00038886984   -25.520109    31.360661    6.3940969   -9.2437201  0.032648649  0.032871451 -0.0011807506 0.0020495269    2.0114601   -3.2259152   -2.5562782     2.092618  -0.57428473   0.29205543
   228.37161 0.00010062379 0.00044948052   -15.036518    41.720135    3.6115899   -11.450828 -0.0050668162  0.032207962 -3.3404489e-05 0.0028110675    1.1580148   -3.7966292   -2.3176682    3.3600504  -0.15413909   0.48753935
   249.15593 0.00037443481 0.00029376554   0.16697115    48.725475 -0.068009332   -13.031735  0.011673274   0.02297336  0.001848449  0.002276409   0.15457866   -4.5115185   -1.1526502     4.329186  -0.14215042   0.57242632
   271.83185 0.00049612747 -4.2744839e-05    19.745064     49.74403    -4.796258   -13.609983  0.026031291  0.013592938 0.0029168737 0.00027310423   -1.1482189     -4.92518   0.56835675    4.9183249  0.079021819   0.72862458
    296.5715 0.00025953149 -0.00038516321    41.483986    40.833843   -10.245439   -12.410746  0.070119284  -0.01187642 0.0020032234 -0.001958136   -2.9056664   -4.8534603    2.5273242     4.736846   0.48840207   0.41760397
   323.56277 -0.00017038541 -8.9150162e-05    59.762844    11.395057   -19.415388   -6.2404528  0.028478632 -0.051597979 -0.0008166497 -0.00074674556   -5.4273453   -3.8435111    4.0943646    3.5746236   0.52349842   0.38005009
   353.01053 0.00012081256 -0.00033113404    57.196014    2.0599465   -17.073271  -0.49465284  0.019760987 -0.023134423 0.0011841841 -0.001743919   -6.5874486   -1.8573626    6.1821079    1.9068445   0.70264047   0.14779177
   385.13834 -0.00026036898 -0.00024112991     58.17622   -29.514942   -16.974468     7.568213  0.012346917 -0.054972414 -0.0010721392 -0.0017680721    -7.543128    1.1565713    7.1372294  -0.88191146    0.6473918  -0.39333668
   420.19016 -0.00032860949 5.0119052e-05    38.722023   -60.968407   -12.664522    15.585382 -0.0047775176 -0.095415637 -0.0019710446 -0.00027885305   -6.7800288     4.744431    6.8201442   -4.4687667   0.66187346  -0.71329761
   458.43204 -0.00015335639 0.00022846399    0.4525342   -76.549652   -3.0670605    22.050173 -0.067623474 -0.067424439 -0.0012877288 0.0010222523   -4.1702638    8.4163818     3.513844   -7.9988832   0.18655883   -0.8030771
   500.15439 6.0202809e-05 0.00021831303   -46.756123   -67.087448     10.52356    22.075624  -0.12727791 -0.023930904 -8.9534129e-05  0.001363007   0.93717521    10.314034   -1.6835281   -9.3574886  -0.37502131   -1.0731351
   545.67389 0.00016422274 7.085174e-05   -80.699417   -24.518881    23.492708    12.241901  -0.12695666   0.10045471 0.00075117481 0.00074926816    7.0395904    8.5626869   -7.0866799   -6.8188095  -0.96922743  -0.54501349
   595.33618 0.00012438383 -6.3335916e-05   -79.258842    37.298065    28.479086   -7.1312418 -0.024604822   0.21466623 0.00083132251 -4.7531921e-05    11.932421    2.5520415   -10.271805  -0.93251246   -1.0305334   0.16839628
   649.51831 -4.8680529e-05 -4.5005458e-05   -31.769262    74.550438    12.550232   -25.357298  0.093973041  0.028980799 -0.00014600795 -0.00037141665    10.857049   -6.1696377   -9.2631063      5.91782    -0.748191   0.79761851
   708.63159 -3.9268278e-07 8.6627653e-05    31.816164     77.97654   -8.9081945   -27.040354   0.18072656  0.013944447 -0.00023519476 0.00045116743    3.9601285   -12.155712   -2.5855677    11.163254   0.13852532    1.0837625
   773.12482 -0.00022162878 -0.00024997111    80.892982    32.393909    -24.28693   -11.127868   0.16448651  -0.16204759 -0.00038504312 -0.0019555953   -6.4928946   -12.031538    7.3965025    10.069978   0.99600196   0.73382306
   843.48761 -0.00017623088 0.00018824909    77.381073    -50.35807   -25.363901    12.829858  -0.11364667  -0.34147397 -0.0014902224 0.00035374489   -14.380584   -2.5979042    12.846245  0.037352473    1.3295864  -0.15341687
   920.25421  0.000141223 0.00016351817   -3.4559457   -94.321213   -2.8156819    29.385069  -0.47396028   0.08911638 9.6762196e-05 0.0012752947   -10.655362    10.776331     7.298676   -11.222216    0.2816388   -1.2146655
   1004.0074 0.00015171536 -0.00011086454   -86.212044   -38.528267     25.44054    15.823013  0.077273227   0.46470678 0.0011086001 7.1250375e-05    4.2799096    15.160022   -6.5113478   -12.020023  -0.82000935  -0.95990753
   1095.3831 -9.6246127e-05 -0.00013726145   -66.095718     66.81469    24.420877   -18.515888   0.42263412 -0.056562118 0.00014716889 -0.00097975251    16.363493    2.3001506   -14.210948    1.4270259   -1.2977462   0.45701116
    1195.075 -0.00011449584 9.9694327e-05    46.884506    80.754883     -11.5147   -28.970844 -0.020428531  -0.31563714 -0.00089553185 -0.00010372884    7.7699652   -15.805471   -2.9360495    14.742974   0.13449334    1.2714851
   1303.8398 0.00011751255 9.0414971e-05    87.915535   -32.868324   -30.411303     6.385982  -0.28610283  -0.20659102 5.7458124e-06 0.00087434344   -13.993779   -11.383272     14.26337    5.7867932    1.6785779   0.10103439
   1422.5035 4.1986674e-05 -0.00013952285   -28.583309   -87.739975    4.8266134    30.415152 -0.068950459    0.2402937 0.00081885472 -0.0002411368    -13.28065    13.431611     6.901989    -14.30996   0.26466969     -1.37527
   1551.9669 -0.00014499026 3.4701767e-05   -84.892319    35.387569    29.515408   -6.9653511   0.22539599  0.046247602 -0.00057343522 -0.00065486593    14.123755    13.355337   -14.976308   -6.0553055   -1.4899613  -0.25318867
   1693.2129 0.00012808506 8.4883781e-05    53.470211    74.306458   -12.818832   -27.233656  0.046046559  -0.20250362 -0.00017941622 0.00087623543    11.207006   -16.908779   -2.8944824    16.315729    0.1552206    1.6327201
   1847.3137 -6.5863591e-05 -0.00014552618    48.132469   -78.246773   -20.801399    21.422878  -0.21663781 -0.019091519 0.00070669036 -0.00059085019   -20.656603   -5.4295092     16.49785   -3.2544506    1.3692813  -0.61462754
   2015.4396 2.1433241e-05 0.00015472146   -92.571556    3.1273429    29.743185     7.442616  0.082805432    0.2540282 -0.00085856096 0.00025126259     5.465529    21.677738   -11.304046   -12.527606   -1.3108988  -0.78292423
   2198.8665 -2.3770021e-05 -0.00013765125    69.500839    64.046387   -15.347474   -28.490057   0.24518546  -0.26460284 0.00078044774 -0.00014366789    13.718786    -18.84477   -1.8297414    16.783934    0.3682147    1.5828065
   2398.9875 4.7018151e-05 9.8298973e-05   -26.450544   -89.769783    -3.296798    34.067371  -0.52438021  0.051646374 -0.00058305071 0.00018408478   -23.918333    6.5131621    11.936361   -12.258493   0.70217675   -1.4172343
   2617.3215 -7.0259419e-05 -4.0386789e-05   -2.0110202    91.998146     14.61616   -32.066628   0.76604182   0.25151226 0.00033333627 -0.00030456774    25.066818     4.932292   -15.961033    5.9004164   -1.0450685   0.98059863
   2855.5266 5.2990399e-05 -2.4134681e-05    5.2560935   -85.897095   -17.246798    31.070553   -1.3855746  -0.34237307 -2.2232631e-05 0.00031975267   -24.638418   -10.702034    17.129162   -2.8149459    1.3456959  -0.70460999
   3115.4106 4.4489193e-06 5.2252311e-05     15.21737    81.945229    11.261886   -34.043461    1.5130275  -0.73234403 -0.00023457945 -0.00016753972    26.304405    9.8289204   -17.277264    4.2504354   -1.2828473   0.64671379
    3398.947 -4.7816033e-05 6.5851327e-06   -53.236252   -53.998383    6.1666956    35.944672  -0.73119307    1.1842197 0.00018792057 -0.00018128028   -30.116159  -0.34721291    14.993234   -10.633703   0.88473207   -1.2744719
   3708.2886  0.000125955 9.8958699e-05    69.142357   -18.808882   -33.444477   -21.472029 -0.072346717   -1.5298985 -0.00081674953 -0.00025418767    25.653969   -20.205145   -4.8302321    18.854776   0.48164764     1.484349
   4045.7834 6.413241e-06 -5.0724038e-06    14.946009    49.343269    27.552113   -27.080912    1.7668792   0.79723513 -3.1883494e-05 2.8863566e-05    5.1001654    35.680489   -15.878244   -13.066259   -1.7956884  -0.39132196
   4413.9937 -4.6385385e-06 3.9511606e-06   -8.0166035    30.300716    29.702774    18.081387  -0.85005087      2.46398 2.9079463e-05 -1.2927083e-05   -40.044846    2.4165204    13.172496   -16.192047    0.3317419   -1.7200062
   4815.7158 -1.4112787e-05 9.2950022e-06    2.1561985    33.244896    2.6153069    24.481108   -2.7478471    0.8974973 8.828695e-05 9.6031717e-06   -17.744989    -38.01371    18.376381    4.8183007    1.4610182  -0.39966208
   5253.9985 -6.4730912e-06 1.3710352e-05    3.9353716    45.477631   -7.2287068    12.936472   -2.6242018  -0.66626704 7.9906844e-05 2.7906997e-06    12.445477   -38.798569    8.0068521    13.338762   0.96254617   0.47786671
   5732.1699 -1.3102498e-05 9.712222e-06    12.663351    49.540962    -6.593267    5.7445502   -2.2318885   -1.0461098 4.2507916e-05 7.9895835e-05    21.827635   -33.132828    2.7067375     13.21594   0.28122771   0.55182195
   6253.8599 7.5554021e-07 8.4235589e-06    38.629318    34.093449   -4.2555957    3.6855645   -2.4970779  -0.25007147 3.8047456e-05 3.3458982e-05       10.966   -37.629341    4.5889158    11.450467    0.5236696   0.50041413
   6823.0298 3.2694759e-06 -3.3350402e-06    45.197292   -22.778173   -1.6049038    4.6750946   -1.6418703    2.0030799 2.2283211e-05 -2.0180252e-05    -23.49464   -30.372021    11.041657    3.6680298   0.56109202  -0.13847983
        7444 -4.5394967e-07 2.3802872e-06   -34.201687   -30.211628    4.9164839    1.7988584    2.3462133    1.1439117 -1.7666585e-05 -1.0631904e-05   -25.264757    27.346027    2.4656818   -10.866671  -0.14493766   -0.3994619