          40 -9.463065e-06 -6.0350862e-06   0.43777463   0.31535617  -0.13924542  -0.25699341  0.023331998  0.019956158 -9.3215836e-05 -6.8447087e-05  0.024739332  -0.12405804   0.15832005  0.044698972 -0.083114989  -0.28091449
   43.640438 -9.6622466e-07 -1.2258712e-05    0.5967198   0.24864841   -0.3547914  -0.38425484  -0.03103137  0.047069408 8.087053e-05 0.00024355679 -0.092455596  -0.18353553  -0.51529098  -0.39520898   0.54861373   0.32203418
   47.612194 -8.5786805e-06 -3.4528937e-05   0.64562821   0.91419208  -0.50748008  -0.33352083 0.0097429864 -0.024307719 0.00026496584 0.0011637823  -0.10297365 -0.089808859   0.32138297  -0.46680224   0.17810033  -0.17823955
   51.945427 -1.8302528e-05 -2.430421e-05    1.2510846     0.933631  -0.68444496  -0.29165384  0.011401458 -0.010533773 -0.0003108907 -0.00060722098   0.14795554  -0.36243802  0.025380809  -0.57552308 -0.052986249 -0.088994786
   56.673027 -2.869622e-05 -1.1637285e-05    1.9008665   0.57823867  -0.98955166  -0.20967609 0.0033834402   0.03034764 0.0018631162 -0.00016790339  -0.25301948  -0.17901205  -0.85247922 -0.077496558  0.027294479  0.049789812
   61.830894 -1.9937592e-05  3.18739e-05    3.4759948   0.63807899   -1.3264832  0.077506088  0.052073583  0.069012448 0.00015145127 0.0016712488  -0.14160094  -0.29190487   -0.4762606 -0.011620765  -0.05316266  -0.18294114
   67.458183 -4.8492755e-05 4.5540601e-05    5.0958276  -0.82427686   -1.7842299   0.63957947 0.0054756883 -0.0027584243 -0.00039065699 -0.00068322726  -0.33377206   -0.2477252    -0.273698  0.077060498 -0.030667275  0.034823328
    73.59761 -3.8820846e-05 0.00010117644    6.3651514   -3.0422683   -1.9679586    1.5085787  0.038635772  -0.02415658 0.0012435121 -0.0003723751   -0.4861849  -0.34873655  -0.57724619 -0.057523176 -0.022750419 -0.033342302
   80.295799 4.6714031e-05 0.00012942322    7.1413646   -6.6634278   -1.7381622    2.6791613 -0.017153537 -0.011024329 0.00038748779 -0.00019339443  -0.43176192  -0.36607206  -0.48179984 -0.025793396  0.022275334   0.20555665
     87.6036 0.00013332223 0.00010268363    5.5184426   -11.078827  -0.98377806    3.7445452  0.024457216 -0.019220646 -0.0022570936 -0.0012638427  -0.45753974  -0.34063876 -0.032065887   0.39556104   0.18888211  0.014739045
   95.576485 0.00020584243 2.6299398e-05    2.3755105     -15.1243   0.19774953    4.6152644 -0.0069151656 -0.011512159 -0.0010418691 0.0017809056  -0.77556258 -0.060058676  -0.44061384   0.45972967  0.053192407 -0.054947905
   104.27499 0.00022495576 -0.00010675452   -2.6293869   -18.129929    1.8603557    4.9957519 -0.0030192204 -0.0017352329 -0.0024195884 0.00089165999  -0.83567882  -0.50506073  0.062821485   0.58978015  0.077587239 -0.0010107285
   113.76516 0.00013890659 -0.00021898394   -8.8533888   -18.410305    3.4164112    4.7342844 -0.028006995 5.3174557e-05 -0.00075081183 0.00063599402  -0.93165535 -0.045709852  -0.12653619    1.3097602 -0.074522391  -0.31159449
   124.11903 -1.9667144e-05 -0.00029076097   -16.089724   -17.547541    5.1772366    3.9982643  0.013487704 -0.013502436 0.00059673144 0.0024956849   -1.2545124 -0.041372489  -0.16445567   0.60282934 -0.014578997   -0.3407484
   135.41522 -0.00015018314 -0.00023286992   -22.613838   -13.668789     6.390841    2.6221623  0.024987554 -0.020182718 0.00084445043 0.0016010526   -1.1358241   0.20249419   0.61658841     1.115684  -0.16106406   -0.3067303
   147.73949 -0.00023315944 -0.00013853486   -28.703156   -8.1532583    7.5769558    1.1008404 -0.0013056434  0.011498131 0.0011543218 0.00080329902   -1.2788641   0.34976411    1.0297294    1.0417424  -0.12837571  -0.10078894
   161.18539 -0.00028142883 -4.6030069e-05   -33.564297   0.15545732     8.407732   -1.1128466 -0.049117908 -0.010011373 0.0016952315 0.00022353699   -1.5045501   0.63303524    1.3243241   0.81626427  -0.30965045  -0.23147297
   175.85503 -0.00032260671 6.4770618e-05   -35.643753    10.347596     8.449316    -3.421561 0.0073376046 -0.024517158 0.0019893721 -7.3507632e-05   -1.5227103   0.87261552    1.6913646   0.25489643   -0.3628929 -0.069610983
   191.85976 -0.00030500325 0.0002442245   -34.284916    22.406212    7.9339046   -6.1316962 -0.028956007  -0.01501926  0.002046932 -0.0012265418   -1.4191881    1.3445737    2.0951259  -0.26006168  -0.34822816    0.2213918
   209.32111 -0.0001542871 0.00044047783   -28.463614    35.670826    6.3108072   -8.7911978 -0.033849515  0.019388197 0.0015044253 -0.0022855666   -1.2525226    1.8730915    2.2032721  -0.90719426   -0.3959831   0.22649388
   228.37161 0.00014459803 0.00049833045   -17.171515      46.7915    3.9301705    -11.30057 -0.026320372    0.0289209 -0.00034177984 -0.0030216908    -0.824907    2.3760791    2.1880877   -1.8961915  -0.13849962   0.39354399
   249.15593 0.00045786501 0.00030937942  0.097589009    54.566521   0.29638332   -12.759458 -0.0081242956  0.024683625 -0.0020658248 -0.0020241961  -0.20982599    2.6553054    1.6453702    -2.846379 -0.043818448   0.64155769
   271.83185 0.00055958156 -7.5825126e-05    21.745672    55.523365   -4.1854687   -13.396415  0.048213616  0.019997049 -0.0031531013 -0.00015697516   0.58163077    2.9107649   0.60668749   -3.7428553  0.056943521    0.6351822
    296.5715 0.00030066035 -0.00045528993    46.334347    46.797009   -9.3118811    -12.60445 -0.014820719  0.078597024 -0.0021610425 0.0021718461    1.6305996    2.9930053  -0.94082147   -4.1660051   0.41199994   0.59941125
   323.56277 -0.00022064918 -0.00011947929     67.50946    13.465809   -19.769466   -7.1633463  0.041956101 -0.087450773 0.0010437154 0.00089007558    3.0086248    2.5560982   -2.8768756   -3.2902248    0.5938127   0.35837558
   353.01053 0.00011451101 -0.00036367905    65.161674    2.6503735   -17.121918  -0.79461646   0.10360329 -0.022233119 -0.0011158736 0.0018141653    3.9071496     1.479825   -4.3963809   -2.2847214   0.73448682  0.015861064
   385.13834 -0.00032959087 -0.00027984014    67.328896   -33.478024   -17.235174    6.9197736  0.054593556  -0.10975215 0.0013516945   0.00201105    4.5087633  -0.16114129   -5.9123983  -0.27009448   0.84369487  -0.26525506
   420.19016 -0.00038856152 6.8582551e-05    45.097878   -68.617233   -13.468599    15.476565 -0.060000837  -0.15581605 0.0021975595 0.00025531635    4.4758372   -2.3410552   -5.8723783    3.0476999   0.67131156  -0.74751449
   458.43204 -0.00017713987  0.000289232    1.8269807   -87.335197   -4.0999217    22.078762   -0.1517197 -0.092800282  0.001462867 -0.0012387406    3.2517991   -4.6935139   -3.4972076    6.0443425   0.16173664  -0.96340114
   500.15439 8.949382e-05 0.00027589293   -52.306694   -77.684372    9.5883589    23.066477  -0.18060155  0.073298737 5.3907395e-05 -0.0016275215   0.52961826   -6.2870741   0.67136711    7.5700779  -0.30569339   -1.0490532
   545.67389 0.00021747594 8.837998e-05   -93.253479   -29.748945    23.825592    13.956003 -0.083266303   0.21308345 -0.00094824785 -0.00090615766   -3.4230921   -6.0417023    5.3453517    5.9378271  -0.96551692    -0.589297
   595.33618 0.00016970327 -9.0429639e-05   -91.916367    42.468674    30.334301   -6.3616271   0.15399337   0.16834715 -0.0010690615 8.2387473e-05    -7.057013   -2.9700844    8.0737581    1.1406014   -1.0549505   0.33698437
   649.51831 -6.3669613e-05 -7.3428084e-05   -38.075039    86.036835      13.3902   -26.119486   0.10104272  0.034222677 0.00014061514 0.00052468036   -7.6229076    2.3050635    7.3596153   -4.1945581  -0.75358826   0.90674537
   708.63159 -1.9170266e-05 9.0470145e-05    36.947929    90.028915   -9.2578087   -28.605988   0.14959294  -0.11300712 0.0003308976 -0.00039376685   -4.2926841    7.4224434    2.3135812   -8.6761713  0.066738874    1.2045243
   773.12482 -0.00026753583 -0.0002913308    92.756104    39.260204   -24.772779   -11.951097  0.027486628  -0.18577397 0.0004562097 0.0021556837    2.4287968    8.9521084   -5.6387653   -8.4266853   0.92819989   0.84404898
   843.48761 -0.00021335919 0.0002304759    90.365654    -56.70961     -26.6835    12.570575  -0.19114685  -0.13811961 0.0016941796 -0.00041050528    9.1779327    4.0836945   -10.395902  -0.29399091    1.4552679  -0.37579483
   920.25421 0.00017346183 0.00020300756   -3.5270283   -108.34454   -3.4183061    30.916864  -0.21073826   0.14021879 -0.00010674755 -0.0014752144    9.1999674   -5.7972713   -5.8552814    8.9117317   0.42995355   -1.2875708
   1004.0074 0.00019494473 -0.0001324077   -100.43501   -45.748688    26.857569    17.428514   0.05683298   0.24511313 -0.0012915612 -0.00012897768  -0.38593516   -11.535851    5.2868538    9.5551662   -1.0247953   -1.1557097
   1095.3831 -0.00011126958 -0.00017596458    -77.84565    76.187103    26.091368   -19.128386   0.25651795 0.0043329527 -0.00022346379 0.0011202741   -11.366821    -4.724544    10.972215   -1.1914388   -1.4343629   0.54609901
    1195.075 -0.00015232986 0.0001112656    52.525417    94.915527   -11.672113   -30.513056  0.034220591  -0.22598974 0.0010146215 0.0002057901   -8.7252455    9.9744921    2.2051244   -11.286141 -0.0041792314    1.4868135
   1303.8398 0.0001284024 0.00011767472    100.64745   -35.756264   -31.735809    6.5950532  -0.22663933 -0.096733354 7.452345e-05 -0.00094514148    8.3158846    11.272389   -10.752667   -4.3526802    1.5986425   0.23080979
   1422.5035 6.2509171e-05 -0.00015205416   -30.913839   -101.02234    5.0594282    31.665741 -0.091836125   0.19467227 -0.00087483332 0.0001662288    12.607064    -7.423564   -5.0740423    10.526528   0.46712896   -1.6216655
   1551.9669 -0.00016082611 2.2768083e-05   -98.254562    38.540543    31.104753    -7.449193   0.20503098  0.084336072 0.00051690359 0.00071291963   -8.5942011   -13.479866    11.426993    4.6998563   -1.5845315  -0.30912921
   1693.2129 0.00012899131 9.9433499e-05    58.672352    85.580482   -13.506548   -28.066818  0.061260886  -0.21087164 0.00023797921 -0.00084839575   -12.422859    11.548548    2.2858703    -12.10603  0.084441811    1.5876198
   1847.3137 -6.141865e-05 -0.00015652948    57.552002   -87.197365   -21.605816    22.572016  -0.24010374 -0.027975617 -0.0007222378 0.0005444744    16.199471    8.4217768   -12.497743    2.3607938    1.5374131  -0.70484859
   2015.4396 2.1809026e-05 0.00016947178   -106.61473   -0.7502833    31.258867    7.5327358  0.082497932   0.29127291 0.00087750744 -0.0002480257  -0.76937807   -19.516405    8.6410913    9.6749401   -1.5028194  -0.73895019
   2198.8665 -2.5824897e-05 -0.00015620983    75.910202    76.310478   -16.174685   -29.910723   0.26681405  -0.34347999 -0.00082506164 0.00014548509   -15.142694    13.952541    1.5038806   -12.983927   0.38659438    1.4302572
   2398.9875 5.7444726e-05 0.00012162302    -25.04495   -105.12897     -3.08917    35.831398  -0.60477543   0.18049327 0.00067518395 -0.00020960731    21.736547   -1.8439555   -8.9889383    9.5009632   0.79874837   -1.4570009
   2617.3215 -8.1783823e-05 -5.739597e-05   -7.2794681    102.77921    14.982425   -33.897156   0.88954067 -0.034007266 -0.00041419797 0.00031502129   -21.840519   -8.2026262    12.351439   -4.7706127   -1.1847881    1.0219073
   2855.5266 7.3362622e-05 -1.3432989e-05    12.271491   -98.032303   -17.562651    33.016441   -1.1150295   0.12475705 0.00011907458 -0.00036690131    21.137901    13.238654   -13.268023     2.491775    1.4125175  -0.79193598
   3115.4106 -1.0139661e-05 5.2147396e-05     10.05552    90.895767     11.10571   -35.584312    1.1309254  -0.51327163 0.00016963582 0.00021194706   -23.402498   -12.406652    13.188204   -3.6634429   -1.2049152   0.96256232
    3398.947 -4.1988296e-05 3.767272e-07   -52.461761   -63.372322    7.3063822    37.314873  -0.85513246      1.04495 -0.00017016809 0.00012646632    28.240677    3.3657115   -11.131328    8.7616835   0.79324192   -1.3292966
   3708.2886 1.3371452e-05 0.0001537622    71.983688   -10.800663    -34.43005   -21.296175 -0.019317048   -1.6598557 0.00033600783 0.00069266895   -25.995853    17.297426    2.8943529    -14.84423   0.39149931    1.7107232
   4045.7834 2.8151558e-06 -2.5075426e-05    5.4888644    47.332359     27.37888   -28.367601    1.9874381   0.72023314 6.5223007e-06 -0.00012430442   -2.8909473   -33.374626     12.70155    8.8234863   -1.7302587  -0.48690879
   4413.9937 1.7292643e-05 -1.1332551e-05   -4.9722981    19.980261    30.371098     17.83036  -0.54510444    2.5839252 9.6644006e-05 -2.9696183e-05    36.045204  -0.72710526   -8.4589205    12.366084   0.20447476   -1.7350785
   4815.7158 1.9246205e-05 3.8816279e-06    14.097043    31.768293    2.8594978    24.562071    -2.573082    1.0855981 6.0501417e-05 7.4806085e-05    13.797757    33.956532   -12.371443   -2.6232409    1.2512486  -0.33188492
   5253.9985 2.2194048e-05 1.0109761e-05    13.181457    51.767937   -7.1332021    12.972661   -2.5598066  -0.55111569 -2.281316e-06 0.00012093529   -13.705809    33.446873   -5.5403428   -9.1734629   0.95820153   0.62933457
   5732.1699 3.620399e-06 -3.9489551e-06    20.441568    57.802841   -6.5881577    5.6526794   -2.2681854   -1.0034038 1.7528429e-05 2.1342052e-05   -21.368948    27.877434   -1.3344524   -9.4745426   0.81146401   0.57714999
   6253.8599 5.1961734e-07 -6.9262933e-06    48.357319    38.879372   -4.3409104    3.4272866    -2.545831  -0.14696938 2.4682007e-05 2.992637e-05     -12.8793    32.820438   -3.3045437   -8.1072807   0.70820326   0.32027033
   6823.0298 -5.1377106e-06 8.2010177e-07    52.116879   -27.279476   -1.7854753    4.6097097   -1.5519742    2.0691051 3.1304939e-05 -2.4347451e-06    19.110008    29.430729   -7.8326721   -2.6590874   0.52981567 0.0088280132
        7444 3.0027963e-06 4.6848456e-08   -40.931278   -36.427883    5.0379333    2.0564811     2.447732    1.0382124 8.8837187e-06 -2.304929e-05    25.180389   -23.387465   -1.8025093     7.783082  0.063941911  -0.37123191