          20 -3.1974093e-08 4.9278679e-08
   20.755039 6.331679e-08 6.7856121e-08
   21.538582 8.5807891e-08 1.5978967e-08
   22.351706 8.2451201e-08 -4.3274525e-08
   23.195526 5.5899839e-08 -7.3463319e-08
   24.071201 2.0405965e-08 -9.1229978e-08
   24.979937 -2.0679765e-08 -1.0441094e-07
   25.922977 -7.2397853e-08 -1.0326649e-07
   26.901621 -1.1978779e-07 -7.4604344e-08
    27.91721 -1.5434325e-07 -1.4736727e-08
   28.971138 -1.48705e-07 8.8590781e-08
   30.064856 -6.3462387e-08 1.4736619e-07
   31.199863 2.8025557e-08 9.7114835e-08
    32.37772 3.6036877e-08 4.614007e-08
    33.60004 2.1842455e-08 2.1419737e-08
   34.868507 -1.1036546e-09 1.0991156e-08
    36.18486 -1.9469343e-08 2.1676879e-08
   37.550911 -2.7833586e-08 4.5197261e-08
   38.968529 -1.7434562e-08 7.3150197e-08
   40.439667 9.3315355e-09 9.2563845e-08
   41.966343 4.5050022e-08 9.9946483e-08
   43.550655 8.8836018e-08 8.7115808e-08
   45.194778 1.1731632e-07 5.5086623e-08
   46.900967 1.3376884e-07  4.63905e-09
    48.67157 1.1523139e-07 -3.4954923e-08
   50.509018 1.040925e-07 -4.3518323e-08
   52.415833 1.0162287e-07 -8.3678721e-08
    54.39463 4.9310113e-08 -1.1256177e-07
   56.448135 2.0175403e-08 -9.2101338e-08
   58.579163 5.3569331e-09 -8.4279371e-08
   60.790638 -4.9573283e-09 -7.3376093e-08
   63.085606 -4.5248254e-09 -7.1298707e-08
   65.467209 -9.9680095e-09 -7.6488952e-08
   67.938721 -2.2526031e-08 -7.4520123e-08
    70.50354 -3.0934736e-08 -7.4894984e-08
   73.165192 -4.7464269e-08 -7.8437893e-08
   75.927315 -7.2427405e-08 -6.6631458e-08
   78.793724 -8.3750606e-08 -4.4227644e-08
   81.768333 -8.3273129e-08 -2.308289e-08
   84.855247 -7.9422229e-08 -1.439303e-08
   88.058701 -7.6781703e-08 -6.9968187e-09
   91.383087 -7.8760962e-08 1.1879597e-10
   94.832977 -8.1210523e-08 1.0469629e-08
   98.413109 -7.8199584e-08 2.4502357e-08
    102.1284 -7.4665543e-08 3.6368927e-08
   105.98394 -6.4119078e-08 4.5181949e-08
   109.98504 -5.6658561e-08 5.2704621e-08
   114.13719 -4.8150348e-08 5.8592711e-08
   118.44609 -3.899908e-08 6.242351e-08
   122.91766 -2.9224937e-08 6.218896e-08
   127.55804 -2.236491e-08 6.3608482e-08
   132.37361 -1.476229e-08 6.2833372e-08
   137.37097 -9.176536e-09 6.202059e-08
   142.55699 -3.9797321e-09 6.0309382e-08
    147.9388 1.3203031e-09 5.7693011e-08
   153.52377  4.83334e-09 5.5540941e-08
    159.3196 8.3480014e-09 5.2113169e-08
   165.33421 1.0052849e-08 5.1192306e-08
   171.57591 1.2186611e-08 5.041737e-08
   178.05324 1.4334495e-08 4.8603184e-08
   184.77509 1.6014873e-08 4.7883233e-08
    191.7507 1.9439746e-08 4.7919656e-08
   198.98967 2.2758528e-08 4.7127681e-08
   206.50192 2.4353126e-08 4.7359016e-08
   214.29778 2.7321411e-08 4.6699611e-08
   222.38792 3.1059386e-08 4.5514955e-08
   230.78351 3.614964e-08 4.2150379e-08
   239.49603 3.8982044e-08 3.973091e-08
   248.53748 4.1413379e-08 3.7394202e-08
   257.92026 4.3655135e-08 3.4433839e-08
   267.65723 4.5881563e-08 3.0433284e-08
   277.76181 4.7626582e-08 2.514283e-08
   288.24786 4.5198956e-08 2.4026072e-08
   299.12979 5.0701079e-08 1.6591757e-08
   310.42252 5.0992742e-08 9.1270067e-09
   322.14157 4.7068891e-08 2.1245785e-09
   334.30304 6.0155045e-08 -2.4856037e-09
   346.92365 -4.1342233e-08 -4.1640575e-08
   360.02069 3.6685147e-08 1.9327372e-08
   373.61215 3.9839954e-08 1.158652e-08
   387.71674 3.9206263e-08 5.5376232e-09
   402.35382 3.8291724e-08 3.5998002e-09
   417.54346 3.6739777e-08 2.321068e-09
   433.30652 3.6473718e-08 1.3905886e-09
    449.6647 3.5986133e-08 1.2206753e-09
   466.64041 3.5575848e-08 2.2350144e-09
   484.25699 3.3737788e-08 -1.2494665e-10
   502.53864 3.3494075e-08 -1.4265313e-09
   521.51044 3.3845435e-08 -8.6715146e-10
   541.19849 3.3562799e-08 -1.9650095e-09
   561.62976 3.5142637e-08 -1.7419274e-09
    582.8324 3.5540086e-08 -2.2821247e-09
   604.83545 3.5686856e-08 -3.5943302e-09
   627.66919 3.3682817e-08 -5.447379e-09
   651.36493 3.3872961e-08 -6.8024852e-09
    675.9552 3.4723261e-08 -7.0256609e-09
   701.47382 3.5374786e-08 -8.0241866e-09
   727.95581 3.4293574e-08 -9.5993018e-09
   755.43756 3.471877e-08 -1.0628191e-08
   783.95685 3.3513675e-08 -1.1946979e-08
   813.55273 3.1756439e-08 -1.3324914e-08
   844.26593 3.0287289e-08 -1.4357091e-08
   876.13861 3.1097617e-08 -1.4495779e-08
   909.21454 3.0424637e-08 -1.5276134e-08
   943.53918 2.8307172e-08 -1.5946474e-08
   979.15961 2.6280039e-08 -1.6696383e-08
   1016.1248 2.5593092e-08 -1.6577729e-08
   1054.4855 2.5640231e-08 -1.636443e-08
   1094.2943 2.676914e-08 -1.5938463e-08
   1135.6061 2.4345551e-08 -1.6220884e-08
   1178.4774 2.1543832e-08 -1.6749771e-08
   1222.9673 2.1810777e-08 -1.6226329e-08
   1269.1367 2.5054435e-08 -1.4823462e-08
   1317.0491 2.286097e-08 -1.539987e-08
   1366.7703 2.1446127e-08 -1.6062016e-08
   1418.3684 2.3499172e-08 -1.565774e-08
   1471.9147 2.1395531e-08 -1.6285044e-08
   1527.4823 1.9877666e-08 -1.6957753e-08
   1585.1477  1.89338e-08 -1.7650834e-08
   1644.9901 2.0116072e-08 -1.7486119e-08
   1707.0917 2.2697073e-08 -1.812684e-08
   1771.5377 2.2667065e-08 -1.9204982e-08
   1838.4167 2.2851827e-08 -2.0062323e-08
   1907.8206 2.8232018e-08 -2.1486779e-08
   1979.8445 2.572717e-08 -2.342885e-08
   2054.5874 3.1549305e-08 -2.6313568e-08
   2132.1521 3.3016001e-08 -2.9175007e-08
    2212.645 3.1532458e-08 -3.3353622e-08
   2296.1768 2.9950453e-08 -3.7354564e-08
   2382.8618 2.5668488e-08 -4.1727386e-08
   2472.8196 1.866737e-08 -4.57261e-08
   2566.1733 1.2636876e-08 -4.9515435e-08
   2663.0513 3.9090229e-09 -5.0990653e-08
   2763.5867 -3.3265999e-09 -5.1319354e-08
   2867.9175 -9.1818126e-09 -5.3059129e-08
    2976.187 -2.0335596e-08 -5.0554643e-08
   3088.5437 -2.2292243e-08 -4.0155502e-08
   3205.1423 -2.0341044e-08 -4.7909005e-08
   3326.1426 -7.2770905e-09 -4.8981931e-08
   3451.7109 -2.8109946e-08 -4.7722278e-08
   3582.0198 -3.1672904e-08 -4.7467424e-08
    3717.248 -3.5682408e-08 -5.6271936e-08
   3857.5815 -4.1757005e-08 -5.3418439e-08
   4003.2126 -5.3870629e-08 -5.1376013e-08
   4154.3418 -6.8469582e-08 -4.3935188e-08
   4311.1763 -6.4936238e-08 -1.4026344e-08
   4473.9316 -6.7251378e-08 -1.9821886e-09
   4642.8311 -6.3707773e-08 8.0288896e-09
   4818.1069 -7.5364298e-08 1.3207642e-08
        5000 -8.5348404e-08 2.4079698e-08