          20 -9.6528662e-17 9.185619e-18 2.4355911e-16 -5.2779672e-17 1.7418431e-16 -6.6371067e-17 2.3192699e-16 -7.5154831e-17  0.027440589 -0.0048884228   0.78113121 -0.059103243   0.96528655 -0.091856197
   22.100275 -9.6856219e-17 1.3144777e-17 2.4462452e-16 -5.5868401e-17 1.8899936e-16 -6.0758911e-17 2.3565166e-16 -7.771428e-17  0.027252033 -0.0057381652   0.77449417  -0.10786362   0.96856219  -0.13144776
   24.421106 -9.6351143e-17 1.7406264e-17 2.3456889e-16 -5.6169402e-17 1.597133e-16 -5.2679017e-17  2.19643e-16 -6.8838738e-17  0.027163276 -0.0067018867   0.77156657   -0.1345033   0.96351141  -0.17406264
   26.985657 -9.4899315e-17 2.0719268e-17 2.3460814e-16 -6.4872731e-17 1.7011708e-16 -8.4327199e-17 2.158459e-16 -1.0860641e-16  0.026806097 -0.0076869079   0.76204556  -0.16448922   0.94899315  -0.20719267
   29.819521 -9.4086514e-17 2.4982482e-17 2.3090888e-16 -7.6794277e-17 1.7606485e-16 -6.925348e-17 2.2548803e-16 -9.3702259e-17   0.02663495 -0.0088338433   0.75662065  -0.19848131    0.9408651  -0.24982482
   32.950981 -9.2594922e-17 2.8978436e-17 2.2195115e-16 -7.2235493e-17 1.6916627e-16 -8.3509064e-17 2.1933293e-16 -1.0935166e-16  0.025997575 -0.0099655148   0.74766064  -0.23695372   0.92594916  -0.28978434
   36.411285 -9.0879469e-17 3.3345308e-17 2.2779869e-16 -8.6395931e-17 1.7222679e-16 -8.9293565e-17 2.1312005e-16 -1.2017666e-16  0.025477221 -0.011196703   0.73207575  -0.26655576    0.9087947  -0.33345309
   40.234966 -8.9121061e-17 3.8306628e-17 2.2127557e-16 -1.0126307e-16 1.4913348e-16 -8.3830606e-17 1.9589363e-16 -1.1960452e-16  0.024946315 -0.012484219   0.71537441  -0.30287164   0.89121062  -0.38306627
    44.46019 -8.6485743e-17 4.2740204e-17 2.0963425e-16 -1.1259457e-16 1.4093674e-16 -9.7551183e-17 1.8735172e-16  -1.3101e-16  0.024192186 -0.013844436   0.69817489  -0.33795583   0.86485744  -0.42740205
    49.12912 -8.3988419e-17 4.7094433e-17 2.1089572e-16 -1.2422969e-16 1.4503625e-16 -8.1604497e-17 1.8773131e-16 -1.1883822e-16  0.023340227  -0.01532989     0.675933  -0.37512121   0.83988416  -0.47094432
   54.288353 -8.0721307e-17 5.1466605e-17 1.9274611e-16 -1.371629e-16 1.3994488e-16 -1.1637625e-16 1.7963394e-16 -1.5077394e-16  0.022182109 -0.016798496   0.64904958  -0.41156471   0.80721307  -0.51466602
   59.989372 -7.4696216e-17 5.7315874e-17 1.785743e-16 -1.3506827e-16 1.9276025e-16 -1.4875018e-16 2.3056218e-16 -2.0724532e-16   0.02093913 -0.018431339   0.60737973  -0.45451292   0.74696213  -0.57315874
   66.289078 -7.3276192e-17 6.1833207e-17 1.6790548e-16 -1.7134808e-16 1.2542976e-16 -1.1168415e-16 1.5056061e-16 -1.5479749e-16  0.019400788 -0.020026499   0.58914471  -0.49260706   0.73276192  -0.61833203
   73.250343 -6.8591338e-17 6.7361334e-17 1.5068224e-16 -1.8824194e-16 1.1470114e-16 -1.3056824e-16 1.3920429e-16 -1.6987428e-16  0.017548149 -0.021657148    0.5513261  -0.53799993   0.68591332  -0.67361331
   80.942635 -6.2863364e-17 7.3120126e-17 1.4052469e-16 -1.9506339e-16 1.0588342e-16 -1.3806899e-16 1.2580598e-16 -1.88464e-16    0.0153134 -0.023189662   0.50757742  -0.58328962   0.62863362  -0.73120123
   89.442719 -5.6239454e-17 7.9045068e-17 1.1628955e-16 -2.0833252e-16 9.1113203e-17 -1.4280285e-16 1.0917445e-16 -1.9342543e-16  0.012760968 -0.024714993   0.45468029  -0.63154989    0.5623945  -0.79045063
   98.835434 -4.8143252e-17 8.5068604e-17 9.2274029e-17 -2.243142e-16 7.7304065e-17 -1.5028425e-16 8.8184077e-17 -2.0190687e-16 0.0097477427 -0.026018426   0.39054149  -0.67986953    0.4814325  -0.85068607
   109.21451 -3.8543635e-17 9.0924639e-17 6.7088305e-17 -2.308817e-16 7.1695727e-17 -1.6666944e-16 7.1993737e-17 -2.194496e-16 0.0062796627 -0.026977312   0.31432939  -0.72764492   0.38543633  -0.90924633
   120.68353 -2.7026844e-17 9.5969164e-17 2.4723644e-17 -2.3718378e-16 3.7879112e-17 -1.7159093e-16 3.7155408e-17 -2.2379653e-16 0.0023546978 -0.027603598   0.22242156  -0.77054811   0.27026844  -0.95969164
   133.35695 -1.3305149e-17 1.0034221e-16 -4.8128094e-18 -2.4287809e-16 1.832934e-17 -1.7460255e-16 7.4848918e-18 -2.2775109e-16 -0.0020082865 -0.027629584   0.11293188  -0.80676293   0.13305148    -1.003422
   147.36127 2.8598777e-18 1.0292544e-16 -4.4379845e-17 -2.3775831e-16 -1.1588636e-17 -1.84005e-16 -3.2609865e-17 -2.2809472e-16 -0.0067791701 -0.026874987 -0.016576188  -0.82829213 -0.028598776   -1.0292543
   162.83621  2.14631e-17 1.0255326e-16 -9.2412916e-17 -2.1985551e-16 -5.1068318e-17 -1.7212568e-16 -7.6960249e-17 -2.1719731e-16 -0.011769924 -0.025022874  -0.16625257  -0.82873845  -0.21463101   -1.0255326
   179.93625 4.1564059e-17 9.7793732e-17 -1.2610161e-16 -2.0104728e-16 -2.050542e-16 -1.927866e-16 -2.4050299e-16 -2.2826749e-16 -0.016773311 -0.021956356  -0.32271814  -0.78879434  -0.41564059  -0.97793734
   198.83202 6.449917e-17 8.8409117e-17 -1.7852821e-16 -1.5896441e-16 -1.2293013e-16 -1.5023175e-16 -1.659864e-16 -1.7681298e-16  -0.02151162 -0.017522806  -0.51319003  -0.71781456   -0.6449917  -0.88409114
   219.71211 8.6374477e-17 7.1300831e-17 -2.1319242e-16 -1.0966159e-16 -1.6552441e-16 -1.1823832e-16 -2.1189458e-16 -1.3215648e-16 -0.025372943 -0.011455012  -0.69164985  -0.58390009   -0.8637448  -0.71300834
    242.7849 1.0521586e-16 4.5887265e-17 -2.363678e-16 -4.7989664e-17 -1.9501237e-16 -6.090507e-17 -2.4286555e-16 -6.4032819e-17 -0.027532587 -0.0038089084  -0.84677052   -0.3801727   -1.0521586  -0.45887265
   268.28064 1.1707598e-16 1.1630662e-17 -2.369972e-16 2.8634101e-17 -2.1108941e-16 -2.0898427e-18 -2.5747393e-16 1.1932013e-17 -0.027234918 0.0049332636  -0.94661063  -0.10502451   -1.1707598  -0.11630661
   296.45377 1.1685563e-16 -2.9612252e-17 -2.1662636e-16 1.0725914e-16 -1.94884e-16 7.0533009e-17 -2.3265565e-16 9.7860304e-17 -0.023887545  0.013961306  -0.94728559   0.22836041   -1.1685563   0.29612249
   327.58548 9.9373522e-17 -7.315144e-17 -1.5843607e-16 1.8125785e-16 -1.5532141e-16 1.4730567e-16 -1.8101159e-16 1.8520231e-16 -0.016932221  0.022024345  -0.81356758   0.58300149  -0.99373519   0.73151439
   361.98645 6.1406964e-17 -1.1019222e-16 -7.4352234e-17 2.2823697e-16 -8.4564659e-17 2.0030103e-16 -9.1135822e-17 2.460055e-16 -0.0062786043   0.02699092  -0.51063436    0.8886013  -0.61406958    1.1019222
         400 4.4200226e-18 -1.2877087e-16 3.9512009e-17 2.3908265e-16 1.8755642e-17 2.2097402e-16 3.4181568e-17 2.642747e-16 0.0066322847  0.026745055  -0.05023592    1.0431157 -0.044200227    1.2877088
   442.00549 -6.1903173e-17 -1.1602334e-16 1.5384998e-16 1.8644881e-16 1.2618278e-16 1.7978297e-16 1.5953774e-16 2.1153398e-16  0.019079665  0.019909961   0.48905143   0.94795352   0.61903173    1.1602334
   488.42212 -1.1744163e-16 -6.4257991e-17 2.2942941e-16 7.8740633e-17 2.0923411e-16 8.9290044e-17 2.5525497e-16 9.5647662e-17  0.026943374 0.0063377758   0.94532853   0.53561133    1.1744164   0.64257985
   539.71313 -1.3451447e-16 1.8884762e-17 2.3299716e-16 -6.9778554e-17 2.202864e-16 -5.986594e-17 2.5805716e-16 -7.9027519e-17  0.025438564  -0.01090624    1.0948882  -0.13651279    1.3451446  -0.18884762
   596.39044 -9.1140686e-17 1.0310357e-16 1.333117e-16 -2.0504182e-16 1.2611953e-16 -1.8861166e-16 1.4429353e-16 -2.2953751e-16  0.012234616 -0.024506161   0.75468403  -0.82559419   0.91140682   -1.0310357
   659.01959 7.6026096e-18 1.3902477e-16 -4.5742446e-17 -2.4178725e-16 -3.6787399e-17 -2.2628652e-16 -5.3388202e-17 -2.6519596e-16 -0.0084306318  -0.02601373  -0.04405424   -1.1317497 -0.076026097   -1.3902477
   728.22571 1.1141511e-16 8.5703601e-17 -2.0288023e-16 -1.1405172e-16 -1.9242128e-16 -1.0752993e-16 -2.3614532e-16 -1.2556039e-16 -0.025304237 -0.010682645  -0.89588237  -0.71283311   -1.1141511  -0.85703599
   804.69934 1.3546947e-16 -4.0882644e-17 -2.2748266e-16 9.2411943e-17 -2.0861686e-16 8.5807276e-17 -2.432005e-16 1.1140176e-16 -0.023413852  0.014303995    -1.109943   0.31405386   -1.3546947   0.40882644
   889.20386 3.2513174e-17 -1.3868093e-16 -3.3491481e-17 2.436558e-16 -2.2933956e-17 2.3030257e-16 -2.0885414e-17 2.7198911e-16 0.0006771732  0.027205946  -0.28574246    1.1276478  -0.32513174    1.3868093
    982.5824 -1.1441685e-16 -8.6366325e-17 2.0897494e-16 1.3239579e-16 1.9960118e-16 1.1296173e-16 2.3562797e-16 1.2657808e-16  0.025145939  0.010300287   0.92203325   0.72193629    1.1441686   0.86366326
   1085.7671 -1.1630799e-16 8.4432621e-17 1.8668675e-16 -1.5410033e-16 1.6812384e-16 -1.5095404e-16 1.9234174e-16 -1.8306333e-16  0.017136045 -0.021143723   0.96521324  -0.67513359    1.1630797   -0.8443262
   1199.7875 6.4412018e-17 1.2897007e-16 -1.1975332e-16 -2.1272932e-16 -1.2705191e-16 -1.8930224e-16 -1.5451023e-16 -2.1942254e-16 -0.018005978 -0.020063741  -0.51049578   -1.0679656  -0.64412022   -1.2897007
   1325.7816 1.3031677e-16 -6.2155827e-17 -2.1576853e-16 1.1464478e-16 -1.8702547e-16 1.2229664e-16 -2.1696591e-16 1.4879541e-16 -0.020138567     0.017708   -1.0797472   0.49224341   -1.3031678   0.62155831
   1465.0068 -8.0129383e-17 -1.2011828e-16 1.4271301e-16 2.0193784e-16 1.5066131e-16 1.744195e-16 1.8131803e-16 1.9811632e-16  0.020527493  0.017154787   0.64183754    1.0013188   0.80129385    1.2011828
   1618.8527 -8.8527106e-17 1.1399565e-16 1.4596649e-16 -1.9526058e-16 1.1564371e-16 -1.9295129e-16 1.3003157e-16 -2.2676838e-16 0.0094421143 -0.024957199   0.74751365  -0.92732328   0.88527101   -1.1399565
   1788.8544 1.4265779e-16 2.0270347e-17 -2.4193357e-16 -3.3145716e-17 -2.2531436e-16 -3.7559774e-18 -2.6148966e-16 2.6138643e-18 -0.025764754 0.0044970326    -1.175797  -0.18862385   -1.4265779  -0.20270346
   1976.7086 -8.0618908e-17 -1.1884137e-16 1.3693884e-16 2.0119116e-16 1.4827662e-16 1.6446779e-16 1.7573979e-16 1.8685257e-16  0.020710351  0.015501161   0.64928508   0.99465102   0.80618912    1.1884136
     2184.29 8.3107581e-19 1.4364965e-16 1.1174781e-18 -2.4307768e-16 -3.2383969e-17 -2.1754024e-16 -4.1950117e-17 -2.5117012e-16 -0.0090414621 -0.024215808  0.013576387   -1.1882752 -0.0083107576   -1.4364965
   2413.6707 4.4702551e-17 -1.3602173e-16 -8.0686201e-17 2.2903702e-16 -3.8094526e-17 2.1694353e-16 -3.9129994e-17 2.4944294e-16 0.0014374814  0.025492249  -0.38923493    1.1209691  -0.44702548    1.3602172
   2667.1389 -4.7993519e-17 1.3414227e-16 8.9918801e-17 -2.2651686e-16 4.2807732e-17 -2.1654994e-16 4.4378207e-17 -2.4976153e-16 -0.0013440012 -0.024921685   0.41789392   -1.1077256   0.47993517   -1.3414227
   2947.2251 5.9565164e-18 -1.4190465e-16 -2.326962e-17 2.4402717e-16 2.3877159e-17 2.2217084e-16 3.0932995e-17 2.5166556e-16 0.0091349808  0.022743834 -0.068549246    1.1785533 -0.059565164    1.4190465
   3256.7244 8.278141e-17 1.1480322e-16 -1.3011945e-16 -2.0736399e-16 -1.510427e-16 -1.5715606e-16 -1.7523629e-16 -1.7547398e-16 -0.021307141  -0.01149356  -0.67760301  -0.96763867  -0.82781404   -1.1480322
   3598.7249 -1.3972019e-16 1.744131e-17 2.4805635e-16 -1.4007744e-17 2.0892278e-16 -6.6965386e-17 2.3078845e-16 -7.6313036e-17  0.019408129  -0.01343167    1.1718801  -0.13197336    1.3972018  -0.17441308
   3976.6404 -1.0492675e-17 -1.3988107e-16 -2.6774157e-18 2.5061188e-16 5.3117906e-17 2.1045794e-16 6.3109917e-17 2.3229198e-16  0.012691446  0.019134006  0.072241433    1.1704173   0.10492675    1.3988107
   4394.2422 1.2050079e-16 -6.9785357e-17 -2.3484251e-16 1.1033536e-16 -1.7298918e-16 1.4927067e-16 -1.8484105e-16 1.6314773e-16 -0.010797935  0.019621927   -1.0177397   0.57482702   -1.2050078   0.69785351
   4855.6978 1.3801479e-16 4.9199789e-18 -2.6794471e-16 -3.3558946e-17 -2.2651419e-16 4.0894767e-17 -2.3722415e-16 4.5691465e-17  -0.01848785  0.011030796   -1.1585915 -0.051470008   -1.3801479  -0.04919979
   5365.6128 1.3569395e-16 -3.6369299e-18 -2.8763436e-16 5.2037957e-18 -2.3140278e-16 7.1832847e-17 -2.2996984e-16 6.6162352e-17 -0.016278189  0.011880708   -1.1394006  0.029293882   -1.3569396  0.036369298
   5929.0757 9.3891094e-17 -9.3680686e-17 -1.544504e-16 2.3110942e-16 -8.5859839e-17 2.0868367e-16 -1.123631e-16 1.8659587e-16 -0.0028817269  0.018160099  -0.78613418   0.78183252   -0.9389109   0.93680686
     6551.71 -9.053916e-17 -9.3329379e-17 1.6470549e-16 1.0917891e-16 1.7828553e-16 6.9936791e-17 1.8240885e-16 1.162461e-16  0.015687261 0.0029791433   0.75244969   0.78403032   0.90539157   0.93329376
    7239.729 1.7891314e-17 1.2521499e-16 -2.972551e-17 -1.802614e-16 -9.101512e-17 -1.6211614e-16 -7.9964503e-17 -1.9869044e-16 -0.0072224187 -0.010447675  -0.14640002   -1.0472842  -0.17891313   -1.2521498
        8000 -4.7612377e-17 -4.203448e-17 6.1578276e-17 6.6875157e-17 1.066267e-16 1.9903579e-17 1.1446156e-16 3.8048598e-17 0.0045304908 0.0052071265    0.3904236   0.33887309   0.47612375    0.4203448