   44.035221 -0.0010726067 -0.0013740065    3.2558806   -7.7409997   0.20118703   0.60125935     1.403971   0.56386787 0.0043222043 -0.035247687    5.6146026    1.0736122    34.894367   -119.54411            0
   48.601139 -0.0020367899 -0.0015629845   -14.776467   -20.153603   -5.0131402   -3.3321092    6.0323863    4.3057837 -0.0063682306 -0.0087490361    2.8413343   -2.9653172    39.276131   -33.418941            0
   53.640488 -0.00081365614 0.00048275679   -13.305502   -16.774466   -3.6162875  -0.62561148   -3.4677258    -4.557848 0.0029602281 0.0016815485    10.110765   -3.6850603    35.890179   -20.537092            0
   59.202358 -0.0081721898 0.00075003417    3.6076314    3.0959868    1.5330908   -3.2221308   -4.6480927    9.0444603  -0.01370875 -0.0073793097     10.67555   -7.0078549    43.522842   -23.665384            0
   65.340927 -0.0016041507 0.0012699431    1.3012428   -20.515818    3.4766033   -1.5177554    1.7718439  -0.84703773 0.0020255223 0.0054255435    4.9812536   -6.9462314    22.698111    -31.05686            0
   72.115982 -0.0012650742 0.0018763413   -10.835699    -9.050787    3.7240753   -4.1330686    1.3674434   -2.6045597 0.0037761456 0.00098738447    5.7114758   -9.7938414    39.569405   -15.795703            0
   79.593536 -0.0011040932 0.0029005497   -13.912622   -7.9613514    4.5488334   -5.2881908   -1.0612394  -0.88763511 -0.0053235823  0.001144352    8.3396912   -8.2510757    25.137854   -34.464725            0
   87.846428 0.00012796691 0.0036808813   -8.3596516   -8.1069603    2.4369051   -3.3739498    3.2957194   0.66744137 -0.0042741308  0.011347313    7.1090651   -7.4187098    27.265121   -37.356041            0
   96.955032 0.00092699967 0.0034521748   -8.6093426    7.9976635   0.23263533   -5.7327976    1.0608219   0.19805934 -0.0066176858  0.010422553    2.8573608   -9.7821407   -2.9175508   -30.627693            0
   107.00809 0.0027114046 0.0035655359   -29.004778   -17.304472   -1.2737644   -6.6182308    1.1834363   -0.9469102 -3.5370335e-06  0.010920071    3.0177374   -11.117247    16.374004   -38.217522            0
   118.10354 0.0034936506 0.0031762233    -23.11956   -13.226591   -1.5966262   -8.1060057   0.23995042   0.75762784 0.0063220556 0.0074790022     2.969672   -8.6407328    22.019728    -45.18977            0
   130.34944 0.0052115703 0.0015975415   -26.188778   -3.9923999    -6.231101   -6.5660858   0.32192567  -0.29498479 0.0080732685 0.0016038279   -1.5616342   -11.024457    4.6545658   -47.089462            0
    143.8651 0.0063459682 -0.00047607717   -29.155531     2.834862   -8.6805573   -5.5279341  -0.36095577  -0.55727631  0.010556148 0.0030155543   -2.0490456   -10.257229   0.95698023   -46.643761            0
   158.78217   0.00654179 -0.0034000694   -31.522532     10.51659   -11.480865   -2.8106549  -0.34030828   0.84058249  0.011366049 -0.0041342266   -3.0954337    -9.187562    -9.263032   -47.979355            0
   175.24596 0.0048464052 -0.0059003895   -27.014307    17.710894    -13.29097   0.41490322   0.17639932  -0.85299087  0.011217024 -0.011282778   -4.9366894   -8.7465801   -15.418641    -48.85025            0
   193.41684 0.0019308912 -0.0082664164    -28.66888    31.773018   -14.015556    5.6805639   -1.3987689   0.83906072   0.00574602 -0.015411321   -8.0731106   -7.1393628   -27.170176   -42.797699            0
   213.47182 -0.001949841 -0.0088267727   -19.864538    40.537388   -13.125829    10.513679   -2.7697346   0.85811585 -0.00082708278 -0.017206818   -9.4268236   -4.8256354   -38.211536    -36.47496            0
   235.60626 -0.0057284273 -0.0069388053   -5.1993189    50.842056    -8.195735    16.241674   0.63102502   0.98090714 -0.008832572 -0.014696117   -11.066654   -2.1852696   -46.914955   -25.475723            0
   260.03577 -0.0082084434 -0.0034728856    12.957541    52.214539   -1.2704505    21.406694  -0.60242712   0.48835236 -0.014110148 -0.0092683099   -10.668077   0.87013769   -56.679077   -8.6489677            0
   286.99832 -0.0087987995 0.0011456326    39.169041     49.07325    9.3012285    21.956385  -0.56851792   0.76173675 -0.017176267 -0.0013051439   -10.522342    5.3148246   -57.044502      11.4475            0
   316.75656 -0.0064237677 0.0050193202    56.329292    25.829811    20.936043    14.651582  -0.98973143  -0.23325925 -0.013726495 0.0065812115   -7.9962339    8.6761379   -52.124046     32.21796            0
    349.6004 -0.0019899737 0.0062893177    60.014297    8.1254721     20.16324    9.7732086    1.2974896   0.75226408 -0.0066391844  0.010733729   -3.7365146    11.507166    -31.66992    48.859726            0
    385.8497 0.0020513639 0.0073671872    70.038963   -29.465691    27.621061   -4.7573862 -0.0040045949   0.65353483 2.0371952e-05  0.014618061    2.0456977    11.644823    -6.263598    61.211411            0
   425.85764 0.0050189695 0.0042258222    48.073223   -68.333382    21.669376    -22.77173    2.5361402   0.18919857 0.0069338926  0.010349471    8.0152102    8.7898922    25.104441     57.39996            0
   470.01392 0.0048494097 0.00033311025    1.2584724   -82.359169    5.1779594   -34.659779 -0.0064731399  0.021240527 0.0084764138 0.0034429876    12.078468    2.8561587    50.943554     35.11198            0
   518.74866 0.0038135864 -0.0029927145   -59.775135   -72.620338   -19.906044   -30.947763   0.60583693  -0.80700243 0.0087594623 -0.0027740421    12.023217   -5.1679821    62.059498   -2.3502607            0
   572.53662 0.00069789577 -0.003968053   -96.839783   -15.541802    -35.76981   -10.500968  -0.33221284 -0.083967425 0.0041074296 -0.0064114002    5.7121506    -10.92292    46.442493   -40.310013            0
   631.90173 -0.0027041296 -0.0034375971   -81.562981    62.546276   -32.869843    16.045744  -0.36789262   0.13267078 -0.0018694695 -0.0080283219   -4.7813301   -12.505198    4.5109358   -64.245461            0
    697.4223 -0.0038976686 -0.0009542958   -6.3344383    119.61914   -8.1412544    40.632759  -0.77978069    0.9054957 -0.0056389184 -0.0049828403   -13.165184   -5.0589457   -43.879917   -45.570473            0
   769.73651 -0.0024945776 0.0023443878    95.998955    85.939125    32.595188    32.660976  -0.20475978    1.4163442 -0.0062756143 0.0014121647   -10.891721    6.8800321   -62.771248    6.6365857            0
   849.54889 0.00093168567 0.0038066143    138.74965   -55.544117     41.69154   -13.321482   0.52026594   0.59335643 -0.0025109886 0.0069129993   0.82431018    12.730524   -28.619131    56.223652            0
   937.63678 0.0036229559 0.00059194147   -2.9162507   -150.92891    4.9496422   -44.709679    1.4552273  -0.63164312 0.0047279997 0.0049660327    12.481777     3.741307    36.983936    48.432697            0
   1034.8584 0.0017161715 -0.0032767218   -148.92636   -40.981953    -40.70137   -19.742815  -0.72240037   -1.1906699  0.006442172 -0.0025018221    7.0145741   -10.982177    59.472641   -17.893993            0
   1142.1606 -0.0024378623 -0.001967496   -62.145332    139.77118   -28.462921    37.016983   -1.5575993   0.14171197 -0.00057083793 -0.0058290577    -10.24066   -8.7124557   -4.1232071    -59.42556            0
   1260.5889 -0.0021738275 0.0023715289     141.0191    63.137669    34.201023    33.245937  -0.30776715    1.2287846 -0.0059976378 -0.00029248025   -8.1092196    8.4767141   -59.817158   -1.5594784            0
   1391.2966 0.0025169356 0.0018663481    42.103745   -147.46431    33.448914   -40.158497    1.1323439   0.36103186 -0.00021603826 0.0058362796    9.9029379    6.4120407      3.19607    57.454193            0
   1535.5573 0.0012521561 -0.003108538   -161.31059  -0.58133185   -48.804249   -23.830288  -0.20657994   -1.4983758 0.0062130303 -0.00071143126    2.6648657   -10.930344    55.342888   -16.015776            0
   1694.7759 -0.0036015124 0.00028122755    71.984695    148.70518   -1.4285057      59.8908   -2.0498731   0.74890006 -0.0029730466 -0.0059923776   -10.769211     3.752281   -36.592522   -43.203289            0
   1870.5035 0.0027816326 0.0027611847     74.89518     -149.103    50.670891   -40.935093    1.9969593    1.2191727 -0.0036364547 0.0062472816    8.8906021     5.003583    -13.55724    54.485428            0
   2064.4521 -0.00088156899 -0.0041949572   -158.30247    76.225372   -72.651382    5.6213112   -1.1206766   -2.6392074  0.007444391 -0.0024558532   -3.9115615   -10.460078    46.542656   -30.771275            0
   2278.5107 -0.0003113831 0.0043412708    179.57634   -19.729551    70.596916    16.799026  -0.30085003    3.2670846 -0.0078360597 -0.00094884378  -0.06839361     9.865798   -53.858257    6.3624825            0
   2514.7646 0.00032298343 -0.0041209874   -176.16212    5.1605682   -64.984367   -20.864891    0.2515786   -3.3625183 0.0070650508 0.0022399339   0.22929281   -9.3585987    51.918751      6.10253            0
   2775.5154 0.00086833036 0.0037398785    165.67397   -40.007061    60.192905    10.328903   0.37517354    4.0037313 -0.0066850097 -0.0013798621    2.5340726    8.0440969   -51.290958   0.51503712            0
   3063.3027 -0.003312021 -0.0027675682   -119.77163    126.14087   -53.996128    19.209452   -3.3984673   -3.4333272 0.0074131102 -0.001600442   -6.2676291   -6.2932529    44.091537   -21.971174            0
   3380.9299 0.0037558237 -0.0012732369   -23.513338   -161.20271    23.049196   -52.303722    5.1708355  -0.18606804 -0.0038697089 0.0056829737    8.3927345  -0.94276637   -14.262897     46.75098            0
   3731.4915 0.0011914163 0.0038377231    161.14861    4.4719653     42.94701    33.496864  -0.99944156    5.1769624 -0.0041157026 -0.0054653632  -0.45763505    9.1335115   -37.713238   -26.964243            0
   4118.4019 -0.0027054697 0.0027511101    43.670273    146.31601   -24.437016    43.020325   -5.7780185  -0.43847421 0.0045541269 -0.0045839744   -7.3995218   0.87530679    20.625648   -38.995255            0
   4545.4302 -0.0037760523 0.0010359493   -55.766121     134.8293   -41.542454    4.1553469    -3.893049   -4.0994115 0.0064538899 0.00095835759   -6.6131706   -4.0618248    41.209816   -6.5021582            0
   5016.7363 -0.0036093062 0.0015691083   -49.723427     111.6572   -36.388172   -14.274535   -1.9868737   -5.0302229 0.0058346954 0.0031230708   -7.7062044   -4.2968688    35.432755    4.4711642            0
   5536.9111 -0.0010821535 0.0031074823    16.722479    78.060852   -44.710468   -8.9297657   -3.0501215   -5.1737537 0.0055415607 0.0014177627   -6.8014617   0.81934154     29.39736   -2.5603304            0
   6111.0215 0.0024766778 0.00092003495    39.296925    4.7595754   -32.422588    41.086533   -6.8044257   0.13204478 0.0041128728 -0.0027619819 -0.095014021    5.0428557    14.297616   -20.931211            0
   6744.6606 -0.0011987139 -0.0015584348   -4.3106937   -19.011389     46.95998    14.363911    2.6797457    7.1262422 -0.0026324361 -0.003082311    3.1969614    -1.131814    -19.48111    -11.11216            0
        7444 0.0011349971 -0.00042147466   -1.9897314    2.5310662   -37.131653   -21.715357   -1.1404561   -7.7288375 -1.1199183e-05 0.0033833319     -1.98014   0.24468033    11.749469    17.207087            0