   24.362539 0.00021932344 -0.0021176436    8.9133816    2.5938764  -0.21935795 -0.039877631  -0.95284867    0.7436583 0.0064725466 -0.0074633867    22.491144   -4.4061327    129.89273   -22.849392            0
   26.888639 -0.0033108564 -0.0027354793    5.4850755 -0.026120882   0.19229525    0.4799771   -1.1622726   0.55837852 -0.025405297 -0.008688801    14.649256   -4.7478223    102.33363   -21.088884            0
   29.676664 0.00060239923 0.0054791714    7.0791845     -8.54811    0.5461272  -0.79000211   0.50446165    2.0732274  0.012383182    0.0342981    21.751713   -9.7463837    133.09891   -45.237507            0
   32.753777 0.0024757991 -0.0023432279    5.4290419   -6.8105283   0.22656517   0.11198181  -0.11517053   0.46781701  0.014296963 -0.008473211    21.167938   -6.8704557    119.38274   -38.104767            0
   36.149944 0.00055014173 -0.00054236985    5.8757277    -5.980031   0.55594671   0.68142396    0.4329879   -0.1333333 -0.0032484345 -0.00080100639    21.192801   -8.8701534     117.1572   -42.769943            0
   39.898254 -4.6028093e-05 -0.00071336736    3.5624366    -10.03158   0.80542099   0.14072885   0.33059004  0.031942185 0.0081394548 -0.0068201823    21.277668   -10.048139    120.42484   -46.991055            0
   44.035221 -0.00029619789 -0.0006503287   0.97800815   -12.649611    1.6172971   0.44984749   0.43924186 -0.0016477759 -0.025035556 -0.014367467    19.201075   -11.542163    106.36166   -56.117245            0
   48.601139 -0.00043341078 -0.00062135252    1.6373047   -12.857869    1.5013033  -0.26211831   0.33677676  0.027871981 0.0031748007 0.0030876738    18.838573   -11.792871    112.02031   -57.360317            0
   53.640488 -0.00072060875 -8.9071546e-05  -0.53264499   -12.378383      1.52578  -0.78817785   0.34367374    0.1591057 -0.00031766546 -0.0005025377    17.772289   -12.108692    106.97435   -62.896923            0
   59.202358 -0.0007982658 0.00032906907   -1.7197291   -12.366106    1.9043478   -1.0796854    1.0030309  -0.77699298 -0.010600049 -0.0031201399    15.859717   -14.380363    94.914902   -74.614922            0
   65.340927 -0.00087565643 0.00040134299   -4.9484611   -13.990294    2.4139905   -1.7013366   0.35177705  -0.25327829 -0.0022639357  0.004627299     15.61861   -14.794381    92.222939    -74.63636            0
   72.115982 -0.00080458121 0.00093829987   -8.6500711   -15.219404    2.1479392   -2.7240191   0.31427765  -0.26543343 -0.005286654 0.0064042276    13.904882   -16.490139    85.936829   -85.717041            0
   79.593536 -0.0004812215  0.001181673   -10.469133   -15.025721    2.1687315   -4.0165596    0.1315687  -0.47686523 -0.0039368547 0.0026172865    12.743761   -18.347668    79.278687   -93.402725            0
   87.846428 -8.3252169e-05 0.0013980867   -14.782009   -14.292592   0.77605617   -5.0493078   0.10241663  -0.29247802  0.001256503 0.0090773562    11.701983   -19.324106    71.863373    -100.3073            0
   96.955032 0.00035237259 0.0015128491   -19.631229   -12.944294  0.068670623   -6.0885763 -0.075375497   -0.2870914 0.0030517024 0.0098000225    9.1849232    -20.13228    63.349663   -106.52468            0
   107.00809 0.00082883943 0.0013380888   -24.097715    -11.61222   -1.6253161   -6.8768425  0.077362917  -0.30351698 0.00045119014 0.0075092106    7.0668683   -21.930437    50.517704   -114.75014            0
   118.10354 0.0012872102 0.0011731365   -27.640718   -8.4382477   -3.9700966    -7.474659   -0.2575624  -0.39157814 0.0064503802 0.0054397848    3.6950595   -22.219873    32.636391   -120.94016            0
   130.34944 0.0018860032 0.0007947702   -30.944296       -2.132   -6.6597195   -7.0688949  -0.27133623  -0.23015986 0.0091033205  0.004948312 -0.030885331   -23.029915    17.575039    -127.8942            0
    143.8651 0.0023582939 0.00012759092   -33.726757    4.4052763   -9.6036234   -6.0385351   -0.1940106  -0.18465897  0.012377639 0.0013597618   -3.9686253   -22.951242   -2.1851485   -131.05281            0
   158.78217 0.0025298507 -0.00086249906   -34.671703    13.284022   -12.446756   -3.4054625  -0.13007352 -0.075661667  0.013958943 -0.0015086458   -8.2833757   -22.114277   -24.677664   -129.10162            0
   175.24596  0.002162925 -0.0020252999   -33.240658    23.263266   -15.130301   0.35743272  -0.34612975  -0.15987314  0.012200505 -0.0087091876   -12.603854   -19.699612   -52.066376   -124.64626            0
   193.41684 0.0010679023 -0.0029404236   -29.211391     35.62796   -15.534349    5.9858532  -0.18096784  0.082672112 0.0070406813 -0.013292212   -17.155365   -16.875544    -79.35659   -113.88291            0
   213.47182 -0.00040060468 -0.0031877258   -19.956573     47.20623    -13.61243    12.238273  -0.45608038  0.032046456 0.00026132702 -0.015791364   -21.898529   -12.517761   -107.85253   -93.706596            0
   235.60626 -0.0020381114 -0.0028988663   -4.2627234     58.18103   -9.1084509     18.58353  -0.36049515  0.084717207 -0.0078347782  -0.01609906   -25.563822   -6.0417681   -135.05347   -63.695339            0
   260.03577 -0.0029907925 -0.0015451116    16.717535    60.888481  -0.93431371    23.309834  -0.27405152   0.28628594 -0.013111082  -0.01011101   -26.551168    2.2571409    -150.7113   -20.564228            0
   286.99832 -0.0034657703 0.00010869326    43.496563    54.969509    11.072169    23.304104  -0.27514493   0.33050439  -0.01673604 -0.0027522219   -24.424927    11.794065   -151.78786    32.111813            0
   316.75656 -0.0029823123  0.002008629     65.99604    29.991098    23.513783    14.253304  -0.02737315   0.50428545 -0.016553154 0.0063532866   -17.740725    20.028584   -131.00943     86.44561            0
    349.6004 -0.00090201123 0.0026378147    71.159828    7.1932712    22.083338    9.8003101   0.21462242   0.50411302 -0.0074428255  0.011478563    -7.403194    26.526979   -86.158104    135.44086            0
    385.8497 0.00049598364 0.0025830062    80.563339   -34.076008    30.392193   -6.6199489   0.43860883   0.47140643 -0.0010012253  0.012696987     5.848165    27.980865   -17.052771    163.91724            0
   425.85764 0.0018469212 0.0018117046    55.160625   -79.249908     22.49239   -24.735363   0.75212753   0.10625943 0.0061607389  0.011208548    19.790756    21.546379    66.581253     153.9297            0
   470.01392 0.0024053985 0.00029380593  -0.61438924   -107.07769    3.0483005   -36.086681   0.76259553  -0.42224404  0.010823443 0.0050646849    28.793428    6.6661367    140.60146    95.791351            0
   518.74866 0.0016687722 -0.0010978357   -64.863586    -80.97599   -22.014353   -31.663353   0.39321345  -0.95973521 0.0095390836 -0.0021907208    25.779413    -11.82503    165.35071   -3.3830328            0
   572.53662 0.00042833961 -0.0020666805   -122.69021   -15.976302    -36.65519   -7.3824878  -0.64060283  -0.91463655  0.005846709 -0.0085562272    12.468964    -27.90254    131.53706   -113.48795            0
   631.90173 -0.0011138049 -0.0015757147   -96.060242    74.395409   -33.489506    17.986055  -0.91902965 0.0089905197 -0.0016863575 -0.0093379943   -11.536341   -28.682549    17.779554    -174.6447            0
    697.4223 -0.0017777893 -0.0003741117   -11.915033    135.72723   -7.0928497    44.471001    -1.257772   0.48682296 -0.0068710214 -0.0056766816    -28.83765   -8.7318468   -116.11504   -129.85274            0
   769.73651 -0.0011283881 0.00062700844    103.93024    95.680527     37.27552    33.777725  -0.14386226    1.4462502 -0.0063151801 -0.00017196113   -22.408861    18.101667   -170.61748    11.888814            0
   849.54889 0.00013515097 0.0016966604    154.88728   -61.794746    44.767975   -17.530359    1.3789496   0.69745743 -0.0040512923 0.0072671352    4.8705792    30.103443   -82.686607    155.42796            0
   937.63678 0.0016591091 0.00044006866  -0.34115881   -175.67059    2.1841655   -47.441849    1.1999445  -0.93341368 0.0051580681 0.0066287597    29.480782    7.0137076    102.46882    143.13448            0
   1034.8584 0.00078739948 -0.0014155434   -174.17137   -46.658524    -44.51685   -17.524893  -0.47908258   -1.4938207 0.0074397223 -0.0026727926    13.759479   -25.810095    167.03838   -46.493191            0
   1142.1606 -0.0012545935 -0.00094395626   -73.804832    166.52907    -27.58296    39.827797   -1.6422019   0.11887732 -0.0010075124 -0.0075778486   -23.300529    -17.36516    -7.879055   -172.69388            0
   1260.5889 -0.00092438655 0.0011879024    169.89378    79.016518    37.972698    32.468113 -0.097723566    1.5620267 -0.0073181177 0.00023525755   -17.454235    22.590309   -171.08163   -6.8899088            0
   1391.2966 0.0010449059 0.00059734221    53.843147   -170.36751     32.41655   -43.481991    1.8737497  0.067694396 0.00047081051 0.0058106924    23.707426    11.795905    3.6573141    166.88062            0
   1535.5573 0.00031254374 -0.0012129386   -186.53436   -4.8834934   -51.833946   -22.475618  -0.37576884   -2.0935969 0.0058519486 -0.0014649318    5.1545901   -26.137466    161.19252   -42.585812            0
   1694.7759 -0.0011283514 0.00022552995    81.366501    175.53952    2.5633245    61.615723   -2.0305941     1.274453 -0.0030199259 -0.0046148454   -24.495106    8.1121712   -103.44601   -128.20598            0
   1870.5035 0.00085635477 0.00082127185    87.697502   -169.00949    51.798073   -45.383987    2.4241533    1.2158729 -0.0027608776  0.004935639    21.264755    12.423941   -43.488094    157.06712            0
   2064.4521 -0.00015751625 -0.0013670718   -187.81612    87.779503   -74.203506    9.9353714   -1.3702042   -2.9200151  0.006371587 -0.001464595   -9.2483988   -22.695927    135.73111   -88.777809            0
   2278.5107 -0.00031622587 0.0014674013    209.69739   -13.950051    72.989037    12.739908 -0.0031709007    3.8723021 -0.0068152328 -0.0018215049   0.59797597    22.960262   -154.24176    15.702111            0
   2514.7646 0.00023230494 -0.0016005612   -213.80624   -1.0705996   -67.355492   -17.028109   0.64710373   -4.4543233 0.0070050238 0.0027398139    1.6244859   -22.093912    151.73378    14.519283            0
   2775.5154 0.00037574858 0.0016113358    203.92169   -46.144173    61.245258    5.0859861   0.47317609    5.4671855 -0.0074681281 -0.0015352159    2.5465815    21.041914   -149.28888    2.1172016            0
   3063.3027 -0.0011722067 -0.00093980861   -139.97047    134.75885   -56.726254    21.415308   -3.7956827   -4.2666931 0.0066488488 -0.0015767554   -12.682733   -15.246886    128.35326   -64.811539            0
   3380.9299 0.0014201932 -0.00055930414   -22.817839   -192.79382    18.135002   -53.485481    5.7233829  -0.54044181 -0.0035655403 0.0058217188    19.561218   0.27361473   -38.369743    135.72646            0
   3731.4915 0.00041764902   0.00156277    192.06311    15.149449    44.025333    28.663454   -1.1891726    5.6490693 -0.004041187 -0.0058366647   -4.1375098    18.445728   -109.56543   -75.273186            0
   4118.4019 -0.0011187308 0.0011019757    42.451977    176.99452   -21.301891    44.295246   -6.0460901  -0.37109017 0.0049069971 -0.0047814162   -18.326105    1.3753185    56.665714   -112.91947            0
   4545.4302 -0.0014796656 0.00040639332    -73.50631    147.37515   -41.135262    5.9737616   -3.7864981    -5.162353 0.0065804468 0.00097527337   -13.815077   -11.052629    116.57278   -21.481215            0
   5016.7363 -0.0012615281 0.00052586419   -63.240379    112.82137   -37.852798   -16.815926   -1.7959588   -6.0791035 0.0051985225 0.0028849409   -11.935266   -9.7794695    103.95645    17.431366            0
   5536.9111 -0.00041215061 0.0011464633    4.4030581    86.258011    -43.37463   -9.3036737   -3.3267953   -5.9689226 0.0052964524 0.0014136285   -11.486586   -2.0280206    93.514671   -7.1597114            0
   6111.0215 0.00091910519 0.0003325647     40.45808     16.34532   -30.789509    38.886143   -7.9681287  -0.10564431 0.0039247149 -0.002685514   -2.6640553    5.5159163     44.74577   -67.955437            0
   6744.6606 -0.00046371573 -0.00065947801    8.9452581   -15.482254    44.093716    12.690024    2.7721725    8.3468838 -0.0026648166 -0.0034049579    2.2453947   0.57539701   -68.164879   -30.411268            0
        7444 0.00041256371 -0.00015761371   -11.256691    2.0866156   -37.155815   -21.257322    -1.079586   -8.8155975 2.0255515e-05 0.0031997766    1.0157207  -0.55422497    44.774357    47.593826            0