   29.676664 -0.0055362564  0.010866466   -5.2023258   -3.9584341    -3.102844    5.1264682    2.1616488   -0.5632267 -0.054239698  0.065772533    13.010986   -6.5455198    107.25458   -20.826443            0
   32.753777 -0.0037191883 -0.00096914382    6.5929585   -5.7243772  -0.26597384   0.59496427    2.0149996   0.65421003 -0.013131307 -0.0028378807    23.183399   -9.1010876    129.59767   -41.645287            0
   36.149944 0.00025113855 -0.000902984     1.985312   -8.3288012   0.68087757    0.3586404   0.18297999   -2.0652196  0.021292474 -0.003976563    23.751097   -12.277855    130.02721   -70.313728            0
   39.898254 0.00022775677 -0.00095724623      4.37919   -15.864784    0.2920779   0.36759886   0.35643899    1.3195463 0.0059220726 -0.013460023     23.49246   -10.946855    118.12398   -55.549496            0
   44.035221 -0.00055329822 -0.00063674449    2.6106467   -16.985529    1.1650959  -0.80151409   0.47131976  -0.26524779 -0.014938834  0.065545142    28.700954   -8.2733393     118.7877   -45.506653            0
   48.601139 -0.00055667368 -0.00044348388   -1.6906084   -20.966455    2.4646919  -0.68897212   0.25336605   0.97878647  0.028133582 0.0063506919    33.657768   -23.602163    141.47014   -93.578407            0
   53.640488 -0.00054999749 -0.00011490787   -12.757492   -20.541012    2.9491611   0.36350301   0.70143443  -0.42123851 -0.0075102672 0.0079938928      16.4324   -14.706993    101.96777   -68.828186            0
   59.202358 -0.0018730125 0.00041326223   -18.553352   -18.456278    3.2516773   -1.4566073    2.2550061    2.9847167 -0.016485283 0.00042415981    18.429623   -15.573948    97.603287   -74.604065            0
   65.340927 -0.00089550659 0.00032722068   -6.4627581   -17.632044    3.2210567   -2.1331022 -0.055351838  0.057004403 0.0069228732 0.0041682138    17.209574   -16.937859    100.24357   -76.851151            0
   72.115982 -0.00053696043 0.00091635121   -9.1018715   -14.422634    2.5527685    -3.344367   0.12695359   0.23353982 -0.0046329838 0.00088608899    14.381867   -13.772995    86.073662   -82.663322            0
   79.593536 -0.0003551392 0.0010510017   -17.392187   -15.002822    2.0916045   -4.5175791 -0.001772901  -0.35279307 0.0020047035 0.0052199094    17.266716   -19.138815    91.429153   -92.017082            0
   87.846428 -0.00015900118 0.0010180593   -17.010075   -19.341869    1.2723013   -5.2368112   0.12452539  -0.49667692  0.016457571 -0.011493724    9.7024422   -19.933714    69.096451   -106.41742            0
   96.955032 0.00025597596 0.0012138058   -24.925264   -13.731205    0.5627048   -6.3606281   0.28949434  -0.36051562 -0.0059098322 0.0097133769    9.3772497   -22.334738     63.77309   -111.82959            0
   107.00809 0.00070983672 0.0012297856   -27.236124   -12.357182   -1.8599002   -7.8124385 -0.071215332  -0.41902113 -0.0048051355  0.014527622    3.7299638   -19.440041    34.884773   -97.786835            0
   118.10354 0.0010425334 0.0010284249   -33.257771   -9.4773912   -3.6376996   -8.9806662  -0.23284417  -0.28060934 -0.00061683677 0.0064149247    1.2139512    -21.46813    21.538412   -113.68667            0
   130.34944  0.001658606 0.00073142117   -37.122261    -1.168627    -6.900435   -8.1125317  -0.35995135 -0.062040605 0.0073756813  0.007348916   0.60453427   -24.376276    17.630304    -127.3263            0
    143.8651 0.0021253398 0.00015998492   -39.845631    7.5920992   -10.439954   -6.5301094  -0.10100803  -0.19893183  0.010872315  0.002975486   -3.6957078   -24.905737   -2.1115367    -131.1339            0
   158.78217 0.0023113796 -0.00081171485   -41.288994    18.106928   -13.811674   -3.9964936  -0.36211735 0.0010665255  0.013746936 -0.0044788239   -8.9542446   -24.573849   -25.550156   -133.17229            0
   175.24596 0.0018990426 -0.0017934948   -39.272377    30.603472    -16.46763   0.41427219 -0.079790987   0.22402941  0.010528585 -0.0071764505   -14.132683   -21.839973   -52.693523   -126.55227            0
   193.41684 0.00097850827 -0.0024535609   -32.057228     41.39307   -17.886419    6.7256489  -0.47098762   0.28698397 0.0050151395 -0.012647356   -18.378071   -18.496313   -79.094467   -114.67554            0
   213.47182 -0.00022120251 -0.0026812807   -20.285391     55.65213   -16.641123    14.389956   -0.5083797   0.23810905 0.0022042054 -0.011581797   -23.420919   -13.184276    -107.5687   -92.945839            0
   235.60626 -0.0014070215 -0.0022287311   -4.4603138    62.674446   -10.865638    21.214462  -0.37075266   0.21565598 -0.0053581181 -0.012505306   -26.375053   -5.9325628   -130.58176   -61.187428            0
   260.03577 -0.0023882757 -0.0013374214    19.772274    67.550995   -1.0889452    26.973724  -0.13567479  -0.26682141 -0.010253625 -0.0081950193   -28.076893    2.8465083   -148.79758   -20.122736            0
   286.99832 -0.0028305897 -4.7814166e-05    49.183826    61.639435     12.79218    26.453796  -0.64275676   0.20801571 -0.014087204 -0.0033613276   -25.852627    12.780289   -151.54826    32.255054            0
   316.75656 -0.0027580655  0.001738707    79.219208    36.451878    27.087177    15.045538  -0.29023662   0.60561967  -0.01497017  0.005307883   -20.128128    23.263723   -133.58702    88.796906            0
    349.6004 -0.00051830127 0.0019083823    83.566124    6.5390821    25.896189     11.22627 -0.053453777   0.43567505 -0.004940826 0.0081192702   -7.4341564    28.442657   -84.591118    133.17207            0
    385.8497 0.00027463905 0.0021048503    92.667763   -41.522701    35.413181   -8.3033266   0.73010582   0.72552663 -0.001332703  0.010352816    6.9294171    30.094223   -15.682034    163.29309            0
   425.85764 0.0014779805 0.0016377413    63.762268    -95.08194    24.630785   -29.504129   0.73016244 -0.015747475 0.0045938361 0.0097960187    22.355011    23.099415     68.66198    153.67197            0
   470.01392 0.0020064141 0.00036687544  -0.99126279   -122.52407    2.1367316    -40.78466    1.0524949  -0.40992197 0.0089437272 0.0049154591    31.296654    6.6577067    139.51976    94.346603            0
   518.74866 0.0015821027 -0.00095867494   -82.682396   -102.38219   -27.875097   -35.875614   0.40941611   -1.3438792 0.0090097273 -0.0017225514    27.908148   -13.864239    167.89375    -4.362113            0
   572.53662 0.00039080149 -0.0016098978   -135.46724   -17.963932   -42.688099   -7.0921059  -0.54190314  -0.71554893  0.004820365 -0.0065441276    11.720382   -28.815834    126.30212   -110.30858            0
   631.90173 -0.00087689399 -0.0012587805    -107.5511    82.968544   -38.099777    22.620817  -0.88217539  0.062688261 -0.0012875982 -0.0074298121   -13.391206   -29.026217    16.397539   -170.22163            0
    697.4223 -0.0014760135 -0.0002735389   -11.703116    160.87012   -5.5708528    49.193157   -1.0769984   0.72693437 -0.0057420479 -0.0045274775   -32.005306   -9.0737925    -117.1942   -128.87993            0
   769.73651 -0.0010765578 0.00032789848     138.8735    122.55008    43.843273    34.471043  -0.17111206    1.6230806 -0.005354933 -0.001255231   -25.766132    21.916506   -174.65503    15.408913            0
   849.54889 -1.1077605e-06  0.001531916    185.83856   -74.394867    48.565636   -23.386816    1.3872871   0.95310158 -0.004143463 0.0061902264    6.5090375    32.360401   -80.577469    154.74869            0
   937.63678 0.0014288079 0.00045849456   0.17413071   -206.49724   -1.5555577   -53.954765    1.4466928    -1.021101 0.0042088465 0.0059997775    31.698843    6.3045778    101.79685    139.97122            0
   1034.8584 0.00074177183 -0.0013070089   -210.90359   -56.962833   -49.707367   -15.914356   -0.4393504   -1.5504977 0.0069278018 -0.002413753    15.148076     -28.4004    165.00864   -47.668709            0
   1142.1606 -0.0011341424 -0.00082287879   -89.589241    199.81763   -26.643116    44.895767   -1.7097015   0.29299092 -0.0010159627 -0.0067562303   -25.251978    -18.29735   -8.8149891   -169.49669            0
   1260.5889 -0.00075724482 0.0010932267    200.79825    94.374992     43.54277    31.835629 -0.074727304    1.7854711 -0.0064343363 0.00056517171   -18.270609    24.587727   -169.14729   -5.2825894            0
   1391.2966 0.0010727249 0.00053630216    68.141632   -207.33009    31.487362   -46.947216    2.1126781 -0.046077143 0.00078672625 0.0057348013    25.924343    13.566249    4.7194977    165.90561            0
   1535.5573 0.00017976256 -0.0011584087   -233.02942   -8.3185816   -56.669025   -21.264269  -0.49732429     -2.25243 0.0053129457 -0.0018961407    4.5989232    -28.22291    161.13934   -43.932713            0
   1694.7759 -0.00094558689 0.00027266744     93.81884    210.76962     5.143188    67.680534    -2.341512    1.3653181 -0.0029108892  -0.00371984   -26.209759    9.1667156   -102.96912   -127.05975            0
   1870.5035 0.00068993156  0.000637586    109.66759   -211.69763     52.08036   -52.911831    2.8326993    1.3145525 -0.0021171814  0.003961564     23.68503    13.818666   -41.801159    155.72937            0
   2064.4521 -3.3037406e-05 -0.0010060096   -225.55763    97.714554   -80.429977    15.126307   -1.5871036    -3.143218 0.0047359928 -0.00068516581   -10.559569   -23.321089    131.06226   -85.813164            0
   2278.5107 -0.00040488419 0.0012559233    264.04782    -8.641552    81.366539    7.8263297  0.089862198    4.2718506 -0.0057707583 -0.0021825691   0.17472386     24.53582   -151.01338    15.668535            0
   2514.7646 0.00028689255 -0.0013486096   -254.58136   -12.514127   -72.203156   -11.682443   0.66760463   -4.9201841 0.0057822689 0.0027096635   0.97914064   -22.704647    147.41772     14.44608            0
   2775.5154 0.00032622926 0.0014253109     257.7373   -47.405853    66.228409   -1.6515609   0.84221411    5.9791002 -0.0065741455 -0.0013836161    2.6573279    23.392271   -148.31198    2.4321373            0
   3063.3027 -0.0010736056 -0.00082059193   -185.36926    165.04048   -55.785667    28.023746     -4.50419   -4.6822381 0.0059173917 -0.0015524444    -14.13281   -17.694717    128.29309    -64.67215            0
   3380.9299 0.0011249516 -0.00047491529    -19.91334   -247.63974    12.787236   -57.532917     6.345747  -0.94279081 -0.0027231937 0.0046997946     21.60825   0.86710334   -37.964138    133.26318            0
   3731.4915 0.00028216108 0.0012500555    234.51135    29.097212    48.450836    26.565557   -1.0899488    6.0488663 -0.0030215697 -0.0047484948   -3.8787587    20.586552   -107.77438   -73.786888            0
   4118.4019 -0.00092043472 0.00088080717    42.991909    228.20213   -14.231844    43.189346   -6.6473155 -0.047383569   0.00402926 -0.0038110847   -21.079412    1.1789176    55.680428   -111.51206            0
   4545.4302 -0.0012337364 0.00034614664   -96.947464    182.19899   -35.944214    8.0741692   -4.3390646   -5.4238944 0.0054918854 0.00077847426   -15.768339   -12.145445    113.88374   -22.266586            0
   5016.7363 -0.0011012396 0.00048716227   -87.761894    138.47925   -33.758972    -15.23401    -2.024055   -6.3855472 0.0046386798 0.0024459241   -13.454941   -11.835433    101.98031    15.549972            0
   5536.9111 -0.00031714639 0.00085411832   -6.7399225    97.705353   -45.478474   -11.157681   -3.3934481   -6.4144564 0.0039557051 0.0010960979   -12.035379   -1.5740761    87.772125   -6.7060537            0
   6111.0215 0.00079565437 0.0002819596     40.35952       31.326   -31.192533    38.559872   -8.4019375  -0.26643279 0.0033882072 -0.0023498987   -3.1693532    5.9729433    43.549492   -65.078293            0
   6744.6606 -0.0003309935 -0.00048216493    22.834539   -20.059643    47.368267    15.646288    2.9296193    8.7314491 -0.001914055 -0.0025035371    2.9953017   0.78733879   -64.249687   -29.825991            0
        7444 0.00033595841 -0.00013636157   -28.088495   -5.8095078   -39.545731   -24.051439   -0.9085623    -9.607338 7.1707102e-05 0.0026333111    0.4515329  -0.94623059    42.444218    46.931984            0