   48.601139 -0.00084546051 -0.00093764614    -1.286019   -13.549735    8.2030191    4.1342373   0.80254298    1.4799336  0.054569148  0.059660271    25.163681   -13.298716    91.113678   -34.657082            0
   53.640488 0.00034237586 -0.0012936899    0.5682345   -10.890221    10.924334   -7.5462956   -1.9857718  -0.76039487  0.043034568  0.010727589    17.285107    1.4061654    80.212418   -42.963203            0
   59.202358 -0.0048305597 0.0011556186    10.302299    11.557472     7.481061   -4.3476009   -5.0980487    10.221318 -0.0098224888 -0.0019295317    21.750072   -3.1012514    115.67284   -58.337517            0
   65.340927 -0.0012992811 0.00098879961   -16.776592   -13.455225   0.12961565   0.56431371    1.1821576   0.25479233 0.0061804093 -0.0015703362    7.4079885   -12.485717    74.052521    -49.36311            0
   72.115982 -0.001354948 0.0022428758   -17.852745   -22.920158    4.0597825   -4.8893142   0.17883441  -0.10009282  0.010032252  0.047676902    12.023376   -4.1466103    80.735741   -67.095619            0
   79.593536 -0.00072502496 0.0014227456   -7.0672436   -6.9506159    3.5247612   -3.6211698 -0.085128009 -0.093015939 -0.029543437  0.024105191    7.9565725   -13.406103    53.210835   -80.103424            0
   87.846428 -0.00027831338 0.0017275891   -6.3771644   -17.505264    3.2907829   -5.4991279  -0.42058235  -0.54044181 -0.0043961001  0.005419651    10.047821   -9.8075075    50.258713    -68.18322            0
   96.955032 0.00011642323 0.0014652935   -26.296568   -14.172721  -0.12668642   -5.0944967  -0.66787416   -1.2776781 -0.0088892421  0.013779159     5.171998   -13.519777    47.552792   -8.1414728            0
   107.00809 0.0011586345  0.001709039   -10.824254    -14.45409  0.095415302   -7.1612887 -0.087641224 -0.013421559 0.0021561445 -0.013004884  -0.88157314   -24.246357   -9.6086226   -152.75764            0
   118.10354 0.0018260728 0.00095159322   -34.253616   -14.940725   -3.2580111   -6.8471756   -0.4712722  -0.40714201 0.0067319879  0.017773075    1.4845561   -18.881462    34.968018   -91.337868            0
   130.34944 0.0022451391 0.00085483742   -29.169384   -5.5369282   -6.4054599   -6.8368444  -0.51736963   -0.4402602 0.0024490117 0.0041717296   -1.4147872   -16.208052    8.5692358   -93.214287            0
    143.8651 0.0030688408 0.00010074594   -31.628042    3.7046947   -8.8820534   -4.7192626  -0.28077349  -0.14021789  0.016450837  0.011113159   -4.8212342    -16.86367   -6.2352676   -99.726677            0
   158.78217 0.0031252999 -0.0013797102   -29.551361    11.611898   -11.879453   -2.2996361  -0.84778339   -0.4300265  0.013038838 -0.0019615735    -5.984015   -15.367667   -22.814466   -92.700569            0
   175.24596 0.0027364532 -0.002806203   -31.474018    22.929787   -13.274796   0.86058921  -0.72115666  -0.07140404   0.01357475 -0.0023818368   -9.8151064   -15.786342   -41.327106   -96.796013            0
   193.41684 0.0013154813 -0.0037806476    -29.63516    33.996933   -14.587352    5.4743705  -0.80365515    0.1328157 0.0073892535 -0.012195015   -13.873235   -12.625737   -61.628098   -86.869492            0
   213.47182 -0.0006268007 -0.004370803   -19.153568    43.933472   -13.095372    11.548202   -1.9993956  -0.97047144 -0.0055049597 -0.015380701   -15.962887   -8.5282135   -85.351692   -69.139137            0
   235.60626 -0.0026005248 -0.0036810376   -3.9676969    51.274384   -8.9561653    17.699467   0.63340503   -1.2316574 -0.0077658715 -0.016710261   -19.439209   -3.4912655   -101.48593   -50.323971            0
   260.03577 -0.0037307614 -0.0018255087    13.600989    54.756344   -1.7028383    23.321146 -0.078705698   0.71993816 -0.013214269 -0.0091233384   -19.084572    1.5613701   -112.26334   -16.461613            0
   286.99832 -0.0042799045 0.00027494901    39.415649    51.506908    10.239954    23.722504 -0.065800548   0.76222068 -0.017331757 -0.0020469439   -17.142946    8.3609829   -113.84509    21.209866            0
   316.75656 -0.0036644579 0.0026298403    62.328594     29.81991    21.919472    13.662384   0.30294168  -0.10981834 -0.015431283 0.0067331013    -12.55232    15.820396    -101.0527    67.224091            0
    349.6004 -0.0010905996 0.0041346704    68.695152    8.0652695    20.062826    9.3711157   0.50581998   0.10145624 -0.0080095911  0.014267157   -6.1909018    21.285099   -68.334091     103.6308            0
    385.8497 0.00077774713 0.0035495597    76.977592   -31.182076    28.540651   -5.4067235  -0.51867139    1.1899958 -0.0012069999  0.013974085    3.9145265    21.678059   -15.310943    126.87217            0
   425.85764 0.0024951007 0.0022915835    51.815952   -74.211609    22.145115   -23.473389    1.8196702   0.22334766 0.0062704585  0.010899776    13.729723    16.292582    50.693039    119.11906            0
   470.01392 0.0031159562 0.0002717993    1.0954981   -96.644737    3.6334193   -33.676834   0.57444268  -0.27863663  0.011117714 0.0043369276    20.667812    4.6915579    105.33088    71.744896            0
   518.74866 0.0023737634 -0.0016422692   -66.836212   -81.959846   -19.704166   -28.988701    1.0362964  -0.60566908  0.010623658 -0.0026144257     19.62501   -8.4703455    128.41562   -2.7399669            0
   572.53662 0.00050416833 -0.0026336813   -108.29787   -16.039421   -34.655556   -8.6064777   0.10485664   -1.1551408 0.0056878151 -0.0085758958    8.5805531   -20.108706    99.366638   -85.517281            0
   631.90173 -0.0014436344 -0.0019853907   -88.578537    69.955879   -32.698326    15.928104   -1.0314219  -0.15675983 -0.0017628021 -0.0091955569   -8.4190845   -20.977339     12.71425   -132.72258            0
    697.4223 -0.0020270429 -0.00071328325    -10.42084    125.14254   -7.7082577     41.33477   -1.1046433   -0.6397959 -0.0054630879 -0.0060223308   -21.321173   -6.5038815    -88.10244   -96.430809            0
   769.73651 -0.0015583884 0.0011286039    105.03987     92.91774    34.179741    31.730156  -0.26508966     1.377113 -0.0071365521 0.00067582977   -18.053795    14.231112    -132.1804    9.6054907            0
   849.54889 0.00033332035 0.0021474694    145.27513   -58.361347    44.656399   -16.011152   0.92598397     1.025694 -0.0034699454 0.0074528554    3.8128858    22.008272   -61.101997     117.0619            0
   937.63678 0.0020255048 0.00050901307   0.15629847   -158.20197    3.8861487   -45.113617    1.3392153  -0.99676627  0.004946026 0.0061551747    20.903234    4.8797445    74.579742    106.31903            0
   1034.8584 0.00093095633 -0.0016421278   -153.70708   -45.348515   -43.206348   -18.494682  -0.27109373   -1.6755205 0.0067328596 -0.0023531627    9.3577843   -18.649956     124.0715   -33.959721            0
   1142.1606 -0.0014953265 -0.0011745467   -66.296974    149.76773   -27.187756    37.769115   -1.5760765 -0.071984015 -0.00078465522 -0.0071142032   -17.161795   -12.145578   -8.7060862    -127.4137            0
   1260.5889 -0.0012111134 0.0014827996     157.4509    70.890022    34.817265    30.845325  0.054608136    1.2458256 -0.0072132279 5.7853766e-05    -11.91352    16.507544   -128.59766   -3.2416143            0
   1391.2966 0.0014615508 0.00099601643    50.295334   -160.44191     31.51655   -39.410755    1.5246549  0.090200506 1.6323927e-05 0.0066541946     18.02453    9.5756149    1.9479772    126.51508            0
   1535.5573 0.00055121572 -0.0016079603   -170.75534   -4.2885151   -49.589714   -23.175604   0.19944078    -2.169277 0.0062693325 -0.0010536768     2.688993   -20.556557    122.90357   -33.189163            0
   1694.7759 -0.0017143246 0.00020681039    74.578453    153.95084  -0.42469221    60.917889   -1.8142518   0.70128483 -0.0030833515 -0.0056207194   -17.734055    7.1137242   -76.899948   -98.433418            0
   1870.5035 0.0013047166 0.0013223116    83.165367    -163.0955    50.237408   -42.416969    1.9735993    1.2641344 -0.0035151963 0.0059041968    16.581337    8.8061867   -33.011055    119.54651            0
   2064.4521 -0.00028997441 -0.0019514499   -172.57413    86.767357   -73.815208    7.2718706   -1.2671553    -2.705852 0.0070128934 -0.0018571261   -6.6331954    -17.35726    101.82797   -65.158348            0
   2278.5107 -0.0003400736 0.0019202119    189.95975   -15.500762    71.167183    15.741207  -0.15468253    3.5742307 -0.0068985657 -0.0015749721  -0.57847404     16.39485   -114.05974     10.13179            0
   2514.7646 0.00023743657 -0.0022247385   -197.72316    2.3826385   -62.264183   -16.287268   0.59650278   -4.3002014 0.0076054595 0.0026505834 -0.012366329   -15.452141    113.73772    10.085289            0
   2775.5154 0.00047808039 0.0020921649     189.8287   -44.328362    60.605286    6.9283457   0.76440054    5.3705444 -0.007455145 -0.001572615    3.2359195    15.094261   -112.47349    1.0052357            0
   3063.3027 -0.0016898151 -0.0012962264   -127.84202    128.87079    -54.96912    20.410023   -3.7030041   -4.1720729 0.0072291568 -0.0018810047   -10.266843   -9.2049675    97.001732    -48.10368            0
   3380.9299 0.0018987838 -0.00070159422   -21.617834   -173.68594    19.673864   -52.279037    4.8207765  -0.25632367 -0.0037738949 0.0058895373      14.5258   -2.4422262   -29.296484    100.03402            0
   3731.4915 0.00064764899 0.0020609861    178.14478     7.113122     43.19138    29.514982  -0.87872469    4.9622459 -0.0044474779 -0.0058631077   -1.3551437    13.753153   -82.748123   -55.947754            0
   4118.4019 -0.0014625703 0.0014644255    37.817581    160.70183   -19.609194    41.170773   -5.8885269  -0.36759537 0.0049377475 -0.0048983363    -14.05356    1.8039408    43.051632   -83.977715            0
   4545.4302 -0.0021237272 0.00062660925   -68.047752     143.4575   -38.905273     5.622766   -3.5846598   -4.9025464 0.0073353592 0.00094461633   -10.955235   -7.4983282    89.446465    -16.46282            0
   5016.7363 -0.0018730975 0.00081131794   -60.539333    113.21941   -34.696815   -13.984938    -2.073139   -5.7468944 0.0060365456 0.0032446808   -11.705453   -6.9665451    79.438293    13.823571            0
   5536.9111 -0.00058771606 0.0014367659    13.115211    76.509995   -47.845261   -8.9896803   -2.7424822   -6.1605463 0.0051365192 0.0016092446   -9.1562815    1.6383563    66.898666   -4.9518952            0
   6111.0215 0.0012130511 0.0005042117    41.537201    9.7951326   -28.010138    38.031963   -7.2008567 -0.040118318 0.0041842135 -0.0025862576   -2.5727983    6.2213979    32.879837   -50.316975            0
   6744.6606 -0.00060695718 -0.00087546895    3.9540706   -17.519299    44.668949    13.240305    2.8559058     8.399704 -0.0026910899  -0.00349176    2.1483059   -1.1923401   -49.378796   -22.530371            0
        7444 0.00058364571 -0.00021973574   -7.8581872   0.52647209   -36.757683   -22.110163   -1.3378155   -8.9179096 4.3959922e-06   0.00349393   -1.0995294  -0.72326475    33.790081    37.383934            0