          20 -1.0587461e-16 1.1924273e-17 2.7782699e-16 9.8751058e-17 2.3913551e-16 8.7061057e-17 2.2248631e-16 5.9027159e-17  0.027048897 -0.0044232896   0.64085996   0.19677056     1.058746  -0.11924271            0
   22.100275 -1.0208599e-16 8.6646838e-18 2.5161246e-16 -7.9380513e-17 1.3150453e-16 -8.3141644e-17 1.4602649e-16 -6.9520984e-17  0.027471378 -0.0064511783   0.67027289  -0.48853633      1.02086 -0.086646847            0
   24.421106 -1.0573341e-16 2.3534207e-17 2.9620062e-16 -7.1491189e-17 2.1732036e-16 -3.5003153e-17 2.8075286e-16 -1.5980315e-17  0.026961619 -0.0065487726   0.76352257   0.13233198    1.0573341  -0.23534206            0
   26.985657 -9.3681315e-17 1.6907995e-17 2.435378e-16 1.6025205e-17 1.898033e-16 -1.3223451e-16 3.3846746e-16 -1.6799463e-16  0.027336359 -0.0079000173    1.1093433  -0.33610681   0.93681312  -0.16907996            0
   29.819521 -9.8073213e-17 2.5758598e-17 2.5315975e-16 -1.1115893e-16 -4.0808089e-17 5.1978729e-17 4.7605416e-17 -8.2824119e-17   0.02715664 -0.010412143   0.91485971  -0.57252723   0.98073214  -0.25758594            0
   32.950981 -9.852052e-17 3.025431e-17 1.6995962e-16 -4.2310818e-17 2.6313404e-16 5.6024174e-18 2.6273726e-16 -9.5186135e-17  0.026125841 -0.0098903542   0.69307464  -0.12169994   0.98520517   -0.3025431            0
   36.411285 -9.4040629e-17 3.4666163e-17 2.3004165e-16 -2.1859308e-16 8.6275242e-17 -1.9624218e-16 1.7335887e-16 -1.4951176e-16  0.025925428 -0.011291165   0.74172568  -0.29316199   0.94040632   -0.3466616            0
   40.234966 -9.2865847e-17 4.2412707e-17 2.6358818e-16 -2.1621612e-16 6.6348303e-17 1.8576993e-17 1.016657e-16 -3.0140417e-17  0.024930272 -0.012575368   0.71516341   -0.3983582   0.92865843  -0.42412707            0
    44.46019 -8.8047778e-17 4.7849027e-17 2.9330149e-16 -5.2472047e-17 3.0665097e-16 -2.2570391e-17 3.0617157e-16 -8.6315721e-17  0.024263531 -0.013975686   0.79348385  -0.35472137   0.88047779  -0.47849023            0
    49.12912 -9.0523417e-17 4.9208085e-17  1.98597e-16 -1.6967506e-16 9.1743065e-17 -1.349355e-16 1.3892836e-16 -1.8157136e-16  0.022810878 -0.014887064   0.51692826   -0.3076421    0.9052341  -0.49208081            0
   54.288353 -8.455427e-17 5.4374105e-17 1.7389524e-16 -2.6054887e-16 2.8526934e-16 -1.1705606e-16 2.340374e-16 -1.7745222e-16   0.02203721 -0.016848534   0.63917631  -0.46452934   0.84554267  -0.54374105            0
   59.989372 -1.0922935e-16 5.9660302e-17 8.6609357e-17 -4.1990512e-16 -3.8414903e-16 6.1213186e-16 -2.9954044e-16 6.3636701e-16  0.021443561 -0.018803997    0.8306843  -0.48987323    1.0922935  -0.59660304            0
   66.289078 -7.780124e-17 6.4807755e-17 2.1201558e-16 -1.4956186e-16 1.169469e-16 -2.0237151e-16 1.2301634e-16 -1.7482575e-16   0.01918155 -0.019791791   0.54175919  -0.44789571   0.77801245  -0.64807755            0
   73.250343 -7.2685829e-17 7.1868496e-17 1.6666858e-16 -2.1545442e-16 6.283305e-17 -1.4686084e-16 1.4545873e-16 -2.2697381e-16  0.017747855 -0.021837017   0.56035972  -0.52462912   0.72685826  -0.71868497            0
   80.942635 -6.630877e-17 7.7152975e-17 1.4343071e-16 -2.1830126e-16 1.6205459e-16 -1.3938921e-16 1.7618535e-16 -1.8273392e-16  0.015449529 -0.023387661   0.48498985  -0.55439919   0.66308767  -0.77152973            0
   89.442719 -5.9059524e-17 8.2361884e-17 1.0629165e-16 -2.2442858e-16 -2.0237518e-17 -1.2450848e-16 6.2902116e-17 -1.8026445e-16  0.012756633 -0.024757277   0.47176415  -0.66966587   0.59059519  -0.82361883            0
   98.835434 -5.0405998e-17 8.9607073e-17 1.1105523e-16 -2.0610019e-16 9.4523146e-17 -1.1152257e-16 1.2094756e-16 -1.6738143e-16 0.0097625144 -0.026054483   0.39055979  -0.66397166   0.50405997  -0.89607078            0
   109.21451 -4.111491e-17 9.5605085e-17 3.1082605e-17 -2.1834274e-16 4.4762637e-17 -1.9159054e-16 1.0290133e-16 -2.1557339e-16 0.0063164774  -0.02697577   0.33631849  -0.73837852   0.41114911  -0.95605081            0
   120.68353 -2.8247232e-17 1.0121463e-16 3.182227e-17 -2.2115196e-16 4.7306896e-17 -1.850293e-16 4.4726913e-17 -2.5762494e-16  0.002401985 -0.028021391   0.20768739  -0.75187838   0.28247231   -1.0121464            0
   133.35695 -1.4316481e-17 1.0613253e-16 -3.5152235e-18 -2.4305311e-16 -3.0703848e-18 -1.8711131e-16 -1.6337179e-17 -2.2578698e-16 -0.0019899504 -0.027614746   0.10391657  -0.70702517   0.14316481   -1.0613253            0
   147.36127 2.5646735e-18 1.078632e-16 -1.2629224e-17 -2.4144698e-16 -1.8267783e-17 -1.5538138e-16 -4.2997669e-17 -2.047315e-16 -0.0068788882 -0.027285878 -0.019141002  -0.88909894 -0.025646726    -1.078632            0
   162.83621 2.143048e-17 1.0737368e-16 -7.3450396e-17 -2.647136e-16 -1.6773249e-17 -1.5222327e-16 -6.8883095e-17 -1.9878606e-16 -0.011952772 -0.025434606  -0.18751688  -0.94706905  -0.21430479   -1.0737368            0
   179.93625 4.9901967e-17 9.7523363e-17 -1.1885336e-16 -9.3862791e-17 3.3929747e-16 -1.0847267e-15 2.9987002e-16 -1.1589243e-15 -0.017030269 -0.022341393  -0.42429647  -0.73135501  -0.49901965  -0.97523361            0
   198.83202 6.6892998e-17 9.2985477e-17 -1.7797249e-16 -1.613733e-16 -1.2280579e-16 -1.5756977e-16 -1.3914345e-16 -1.8872704e-16  -0.02170898 -0.017678462  -0.54886711  -0.76611286  -0.66892999  -0.92985481            0
   219.71211 9.1728963e-17 7.5291958e-17 -2.44744e-16 -9.5292504e-17 -1.6912184e-16 -9.3654871e-17 -2.1059457e-16 -1.1431393e-16 -0.025318274 -0.011431769  -0.65512705  -0.55099785  -0.91728961  -0.75291955            0
    242.7849 1.1196881e-16 4.8630891e-17 -1.9692898e-16 -6.0490223e-17 -1.2497906e-16 -6.9425871e-17  -2.0013e-16 -8.1212566e-17 -0.027201124 -0.0037686084    -0.724154  -0.32908344    -1.119688  -0.48630887            0
   268.28064 1.219985e-16 1.3048142e-17 -2.4365689e-16 4.3368331e-18 -2.1351189e-16 -2.1592046e-17 -2.6911227e-16 -2.431527e-17  -0.02778494 0.0050351117   -1.0539155  -0.10899663   -1.2199849  -0.13048141            0
   296.45377 1.2252833e-16 -3.0217775e-17 -2.6319701e-16 7.4645076e-17 -2.4934665e-16 4.0454677e-17 -2.7419071e-16 8.6803817e-17 -0.024345824  0.014239709  -0.98629034    0.2327202   -1.2252834   0.30217776            0
   327.58548 1.048087e-16 -7.6681039e-17 -1.8360681e-16 1.8897481e-16 -1.6349697e-16 1.1065129e-16 -1.9410919e-16 1.6894109e-16 -0.016961223  0.022075905  -0.79306364    0.5590421    -1.048087   0.76681036            0
   361.98645 6.5533159e-17 -1.1588643e-16 -9.2807739e-17 2.3907643e-16 -5.7425227e-17 1.7128236e-16 -6.9308133e-17 2.2292052e-16 -0.006309378  0.027182322  -0.48868796   0.82487422  -0.65533161    1.1588641            0
         400 4.8289386e-18 -1.3630356e-16 3.5689412e-17 2.6447132e-16 -1.8702001e-17 2.1004949e-16 -3.5930468e-18 2.4338547e-16 0.0066773258  0.026916714  -0.06634523   0.90430033 -0.048289388    1.3630356            0
   442.00549 -6.4555617e-17 -1.2234498e-16 1.4268847e-16 2.1499503e-16 1.1620389e-16 1.9544221e-16 1.6196071e-16 1.9524853e-16  0.019290105  0.020115552   0.49905515   0.97685581   0.64555615    1.2234497            0
   488.42212 -1.2389666e-16 -6.8251288e-17 2.3387922e-16 8.3492865e-17 1.734378e-16 9.4278327e-17 2.1768924e-16 1.0632087e-16  0.026752396 0.0062921573   0.84727079   0.50157541    1.2389667   0.68251288            0
   539.71313 -1.4053448e-16 1.9023257e-17 2.5032367e-16 -6.5238729e-17 1.8481359e-16 -3.0622706e-17 2.3629347e-16 -6.4899148e-17   0.02556357 -0.010986257    1.1558715  -0.14923574    1.4053447  -0.19023255            0
   596.39044 -9.6159323e-17 1.0938143e-16 1.445978e-16 -2.2810608e-16 1.2932973e-16 -1.5903007e-16 1.5843174e-16 -1.8401943e-16  0.012334581 -0.024719013   0.69845986  -0.72672808   0.96159321   -1.0938143            0
   659.01959 8.5138764e-18 1.4816781e-16 -5.7536182e-17 -2.4907038e-16 -5.9228077e-17 -1.9458339e-16 -8.7370522e-17 -2.4602601e-16 -0.0084199989 -0.025997691 -0.0015149469  -0.99932986 -0.085138761   -1.4816781            0
   728.22571 1.1801112e-16 9.0748251e-17 -1.4221021e-16 -2.1397826e-16 -1.6068321e-16 -1.041764e-16 -2.267873e-16 -1.0158178e-16 -0.025434174 -0.010718521  -0.89533794  -0.71807432   -1.1801112   -0.9074825            0
   804.69934 1.4289939e-16 -4.1766308e-17 -2.2065447e-16 1.1197396e-16 -2.0608968e-16 8.265415e-17 -2.5273295e-16 9.9503951e-17 -0.023332778  0.014261299   -1.1763661   0.35274389   -1.4289939   0.41766307            0
   889.20386 3.3119633e-17 -1.4892809e-16 -3.9839999e-17  2.39248e-16 -1.0310519e-17 2.1774507e-16 -1.584482e-17 2.632062e-16 0.00067495607  0.027358979  -0.29001182   0.96700191  -0.33119631    1.4892808            0
    982.5824 -1.2095499e-16 -9.1568073e-17 2.1931312e-16 1.5438032e-16 1.9522209e-16 1.0810323e-16 2.2919722e-16 1.2082836e-16  0.025159441  0.010311425    0.8722263   0.69499081    1.2095499   0.91568077            0
   1085.7671 -1.2255178e-16 8.8758015e-17 1.9172732e-16 -1.587552e-16 1.5660318e-16 -1.5258481e-16 1.7995186e-16 -1.8687507e-16  0.017270664 -0.021370403   0.97774369  -0.68822008    1.2255177   -0.8875801            0
   1199.7875 6.881659e-17 1.3630073e-16 -1.3349536e-16 -2.2381011e-16 -1.0775456e-16 -2.0293464e-16 -1.2992554e-16 -2.452765e-16 -0.017873034 -0.019956874  -0.44517478  -0.99413991   -0.6881659   -1.3630072            0
   1325.7816 1.3769566e-16 -6.6032015e-17 -2.1233407e-16 1.2863895e-16 -1.3670615e-16 1.3154406e-16 -1.7544724e-16 1.5593775e-16 -0.020224711  0.017753879   -1.0339272   0.44630113   -1.3769566   0.66032016            0
   1465.0068 -8.4589633e-17 -1.2663439e-16 1.6277001e-16 2.061064e-16 1.3529921e-16 1.1711795e-16 1.6408864e-16 1.444818e-16  0.020850748  0.017374089   0.66697818    1.0122283    0.8458963    1.2663438            0
   1618.8527 -9.2811868e-17 1.2081645e-16 1.4319185e-16 -2.0630931e-16 1.2334716e-16 -1.6647149e-16 1.4194872e-16 -2.0168033e-16 0.0093490649 -0.024611969   0.72124135  -0.86062115   0.92811865   -1.2081645            0
   1788.8544 1.5048464e-16 2.1920809e-17 -2.5749426e-16 -3.1198659e-17 -1.6867126e-16 8.9172833e-18 -2.0844745e-16 -2.2296469e-18 -0.025774302 0.0044610794   -1.2303636    -0.160748   -1.5048463  -0.21920809            0
   1976.7086 -8.7155171e-17 -1.2508558e-16 1.2805399e-16 1.9533022e-16 1.4170001e-16 1.4118409e-16 1.610853e-16 1.6901656e-16  0.020925833   0.01569826   0.51177418   0.91779757   0.87155169    1.2508557            0
     2184.29 1.6750909e-19 1.5175412e-16 -3.0751018e-18 -2.6350271e-16 -3.0922291e-17 -2.1967805e-16 -4.0766974e-17 -2.5636042e-16 -0.0089820605 -0.024108527 -0.016536402   -1.1985154 -0.0016750832   -1.5175412            0
   2413.6707 4.9129082e-17 -1.4268627e-16 -6.9078396e-17 2.6894834e-16 -6.2669069e-17 1.9748061e-16 -7.0047745e-17 2.2386043e-16 0.0015366308  0.025905835  -0.34131646    1.2066789  -0.49129081    1.4268627            0
   2667.1389 -4.9377786e-17 1.403833e-16 7.9732469e-17 -2.3559144e-16 2.6217738e-17 -1.8789199e-16 3.3860777e-17 -2.2683508e-16 -0.0013231046 -0.025096847   0.43474603   -1.0226841   0.49377784    -1.403833            0
   2947.2251 6.6736204e-18 -1.4863185e-16 -8.3244471e-18 2.4345021e-16 1.2305162e-18 2.5111986e-16 1.1189239e-17 2.8296295e-16  0.009321264  0.023128999 -0.067351773    1.1565945 -0.066736199    1.4863185            0
   3256.7244 8.643148e-17 1.2132987e-16 -1.3196306e-16 -2.0305672e-16 -1.4462144e-16 -1.1677522e-16 -1.7241606e-16 -1.6196826e-16 -0.021011127 -0.011403958  -0.67441034  -0.94551682  -0.86431479   -1.2132987            0
   3598.7249 -1.4834248e-16 1.6329869e-17 2.4075792e-16 -2.818879e-17 2.0369709e-16 -5.0302584e-17 2.3844462e-16 -4.8655584e-17   0.01973537 -0.013764771    1.1941043  -0.19045338    1.4834248   -0.1632987            0
   3976.6404 -1.3063016e-17 -1.4527148e-16 9.1760287e-18 2.4805688e-16 8.2379195e-17 2.1353619e-16 9.8723927e-17 2.4768191e-16  0.012572558  0.019203855 -0.064814441    1.0846249   0.13063015    1.4527148            0
   4394.2422 1.2382334e-16 -7.36085e-17 -2.0495181e-16 1.027808e-16 -1.4442769e-16 1.3898027e-16 -1.8632978e-16 1.5433512e-16 -0.010862607  0.019506402    -1.019767   0.45551345   -1.2382333     0.736085            0
   4855.6978 1.4794798e-16 9.5544713e-18 -2.6089666e-16 -1.8018277e-17 -2.1377711e-16 8.9477199e-17 -2.4332321e-16 6.7928826e-17 -0.018676022  0.011202877   -1.1863992 0.0091285119   -1.4794798 -0.095544711            0
   5365.6128 1.4234443e-16 -4.379023e-18 -2.7847153e-16 1.128947e-17 -2.0818953e-16 9.1484071e-17 -2.3256925e-16 7.9323822e-17 -0.016458882  0.011898212   -1.1239901 -0.0083368346   -1.4234443  0.043790221            0
   5929.0757 9.6849482e-17 -9.8519792e-17 -1.0535731e-16 2.1914728e-16 -6.4882949e-17 1.9473103e-16 -1.0256046e-16 1.8445843e-16 -0.002956986   0.01839735  -0.81923056   0.72554833  -0.96849483    0.9851979            0
     6551.71 -9.6778087e-17 -1.0309785e-16 1.687758e-16 9.0003107e-17 1.3227743e-16 2.1935602e-17 1.5002011e-16 9.1137913e-17  0.015839901 0.0028985222   0.83053321   0.71240413   0.96778089    1.0309784            0
    7239.729 1.8239787e-17 1.3392961e-16 -3.9560836e-17 -1.627523e-16 -9.707656e-17 -1.3456348e-16 -7.2183764e-17 -1.8582816e-16 -0.007207965 -0.010436606  -0.18940638    -1.021202  -0.18239787    -1.339296            0
        8000 -4.8401931e-17 -4.1610722e-17 6.6282988e-17 5.4178461e-17 1.0755297e-16 3.8768413e-18 1.2002876e-16 4.2567644e-17 0.0045217383 0.0052755857   0.35378635   0.36151963   0.48401928   0.41610721            0