          20 -0.00068161107 0.00016409371
   21.147139 0.0013658449 0.00036076363
   22.360073 0.00012484906 -0.00036328897
   23.642578 0.00011515441 9.0825313e-05
   24.998644 0.00085366442 0.00032589206
   26.432489 0.00092754362 -0.00055056851
   27.948576 0.00047952367 -0.00084878918
    29.55162 -0.0013843994 -0.0012511165
   31.246611 -0.0011915315 0.0010604053
   33.038822 0.00022414399 0.00061578909
   34.933826 0.00018523747 0.00015135492
   36.937523 6.2369545e-05 0.00016301102
   39.056145 0.00011445107 0.00016648303
   41.296288 0.00022823844 9.0648195e-05
   43.664917 0.00028783601 -0.00010886668
   46.169399 0.00018387054 -0.0002663538
   48.817535 -1.1210217e-05 -0.00030492182
   51.617561 -9.1733978e-05 -0.00030300551
   54.578186 -0.00028162269 -0.00020708636
   57.708622 -0.00028157697 -7.2109586e-05
   61.018612 -0.00023719858 2.5731873e-05
   64.518456 -0.00019829647 2.3567589e-05
   68.219032 -0.00018673949 4.9884689e-05
   72.131866 -0.0002045266 7.479357e-05
   76.269127 -0.00020539541 0.00016873646
   80.643692 -0.00012510497 0.00022928431
   85.269165 -4.3400254e-05 0.00020805775
   90.159943 -1.7429105e-05 0.00021384073
   95.331245 2.374492e-05 0.00022640346
   100.79915 8.7460401e-05 0.00020616382
   106.58068 0.00014817763 0.00015510898
   112.69382 0.00018516785 0.0001049192
   119.15759 0.00018488741 5.7305824e-05
    125.9921 0.00016677695 -2.5206461e-06
   133.21863 0.0001428519 -5.9104259e-05
   140.85963 0.00010191758 -8.3349871e-05
   148.93892 6.6077904e-05 -8.1825128e-05
    157.4816 3.826612e-05 -7.6124801e-05
   166.51425 2.2963914e-05 -6.0966435e-05
     176.065 1.4927253e-05 -5.5563236e-05
   186.16354 3.9716037e-06 -6.1932355e-05
   196.84132 -1.8882163e-06 -6.4413165e-05
   208.13153 -2.336224e-06 -6.7367015e-05
   220.06932 -1.9929925e-05 -6.8331799e-05
   232.69182 -2.9325418e-05 -8.1349179e-05
    246.0383 -6.4662796e-05 -6.343006e-05
    260.1503 -8.8348868e-05 -1.8475153e-05
   275.07172 -9.1995578e-05 1.4214874e-05
     290.849 -9.2110677e-05 4.6680976e-05
   307.53122 -6.0750888e-05 8.9466877e-05
   325.17026 7.236576e-06 0.00012277681
   343.82101 0.00021276721 0.00018393276
   363.54153 4.8951583e-06 6.0410792e-05
   384.39316 5.3828498e-05 4.2286261e-05
   406.44077 6.8893401e-05 1.3478159e-05
   429.75296 6.7326349e-05 -1.7811266e-05
   454.40228 4.3349221e-05 -5.2298295e-05
   480.46539 1.2091602e-05 -6.5999462e-05
   508.02344 -2.1634976e-05 -5.4108841e-05
   537.16211 -4.4850603e-05 -3.4345288e-05
   567.97205 -5.0158458e-05 -5.9921981e-06
   600.54919 -4.1886164e-05 1.7048793e-05
   634.99487 -2.6900387e-05 3.5107572e-05
    671.4162 -5.3653262e-06 3.6025609e-05
   709.92657 1.8792136e-05 3.1105556e-05
   750.64581 3.0096882e-05 1.4604946e-05
    793.7005 3.0908981e-05 -8.678302e-06
   839.22473 1.5371643e-05 -2.7484059e-05
   887.36011 -5.5669911e-06 -2.9982381e-05
   938.25635 -1.3151683e-05 -1.9035169e-05
   992.07184 -1.914954e-05 -1.0067346e-05
   1048.9741 -1.8923338e-05 6.1847554e-06
     1109.14 -4.3341038e-06 2.3615657e-05
   1172.7568 1.6953323e-05 1.8877354e-05
   1240.0226 2.2026354e-05 1.5498405e-06
   1311.1465 1.2715985e-05 -1.2204432e-05
   1386.3499 -3.4113775e-06 -1.8671124e-05
   1465.8666 -1.9676087e-05 -5.1287084e-06
   1549.9442 -1.432693e-05 1.5858765e-05
   1638.8442 6.5835352e-06 1.5069383e-05
   1732.8433 1.4855967e-05 -1.1989712e-06
   1832.2339 3.7595073e-06 -1.4386372e-05
   1937.3252 -1.5795877e-05 -1.1120477e-05
   2048.4443 -1.4890309e-05 1.7573329e-05
   2165.9368 1.7457542e-05 1.6174241e-05
   2290.1682 1.6561982e-05 -1.8520435e-05
   2421.5251 -1.6900833e-05 -9.393143e-06
   2560.4165 -4.1660664e-06 2.0633093e-05
   2707.2742 1.7583023e-05 -5.3861509e-06
   2862.5549 -1.3308455e-05 -1.3041206e-05
   3026.7424 -1.0153587e-05 1.483329e-05
   3200.3469 1.5117193e-05 -1.0680947e-05
   3383.9092 -1.1571984e-05 3.8595694e-08
   3577.9998 4.5974089e-06 8.8081406e-06
   3783.2229 -1.5440824e-06 -1.2158227e-05
   4000.2168 -6.4801602e-06 1.3763023e-05
   4229.6572  1.01274e-05 -1.4680576e-05
   4472.2573 -1.3516959e-05 8.4659732e-06
    4728.772 6.371265e-06 -1.5558979e-05
        5000 2.4771402e-06 1.6986856e-05