          20 -0.00085386517 -0.0017333799
   21.147139 -0.00087245053 0.0021195265
   22.360073  0.001196354 0.0017809711
   23.642578 0.0020167455 0.0012350812
   24.998644 0.0025885475 -0.00069562066
   26.432489 0.0015618434 -0.0025368596
   27.948576 -0.00071042444  -0.00407513
    29.55162 -0.0045507196 -0.0011177576
   31.246611 -0.0014249089 0.0028005219
   33.038822 0.0011397268 0.00092251383
   34.933826 0.00023185546 0.00014054388
   36.937523 0.00017323354 0.00031632537
   39.056145 5.5816257e-05 0.00025265393
   41.296288   0.00031213 0.00028481148
   43.664917 0.0003947393 2.3553206e-05
   46.169399 0.00033029061 -0.0001015142
   48.817535 0.00021821323 -0.00012037022
   51.617561 0.00024100384 -0.0001885758
   54.578186 0.00012861849 -0.00015335323
   57.708622 0.00018883315 -0.0001497327
   61.018612 0.00026813321 -0.00021990306
   64.518456 0.00023637516 -0.0003830285
   68.219032 0.00010743729 -0.00046184211
   72.131866 -4.1469099e-05 -0.00057157013
   76.269127 -0.00023860722 -0.00045862875
   80.643692 -0.0002565883 -0.00041078229
   85.269165 -0.00029539116 -0.00036770606
   90.159943 -0.00038175547 -0.00027375709
   95.331245 -0.00039918011 -0.00011573878
   100.79915 -0.0003910214 -7.478433e-05
   106.58068 -0.00044232066 -8.7432498e-05
   112.69382 -0.00039206698 -3.4654273e-05
   119.15759 -0.00040342234 -2.8885288e-05
    125.9921 -0.00036092612 -8.5627858e-07
   133.21863  -0.00047966 6.1069753e-05
   140.85963 -0.00045931115 0.00010856722
   148.93892 -0.00050588674 0.00024638374
    157.4816 -0.00048101554 0.00035095288
   166.51425 -0.00039443906 0.00045919046
     176.065 -0.00030296069 0.00054986757
   186.16354 -0.00020265022 0.00067351718
   196.84132 -2.6159156e-05 0.00062280934
   208.13153 8.9032103e-05 0.00064674328
   220.06932 0.00020747868 0.00058448646
   232.69182 0.00031597269 0.00056687678
    246.0383 0.00040195856 0.00050431932
    260.1503 0.0004986368 0.00037372418
   275.07172 0.00053400709 0.00023089668
     290.849 0.00057627476 0.00012950086
   307.53122 0.00072520942 1.0272522e-05
   325.17026 0.00072847703 -9.5172581e-05
   343.82101 0.0012746772 0.00082975731
   363.54153 0.00046422298 -0.00071242364
   384.39316 0.00026654164 -0.00091944763
   406.44077 -4.2236716e-05 -0.00084332342
   429.75296 -0.00037918496 -0.00082075171
   454.40228 -0.00069055543 -0.00064007606
   480.46539 -0.0009618848 -0.00031246617
   508.02344 -0.0010019732 0.00012335934
   537.16211 -0.00074538251 0.00045088804
   567.97205 -0.00037494523 0.00058313581
   600.54919 -5.7485671e-05 0.00083802221
   634.99487 0.00029641364 0.00067952299
    671.4162 0.00066346664 0.00048114924
   709.92657 0.00071110792 7.6791752e-05
   750.64581 0.00062034366 -0.00030672608
    793.7005 0.00034562015 -0.00058076461
   839.22473 -4.3743443e-05 -0.00063496531
   887.36011 -0.00039358187 -0.00046474993
   938.25635 -0.00054240396 -0.00011266797
   992.07184 -0.00050529721 0.00028141422
   1048.9741 -0.00016431148 0.00047324912
     1109.14 0.00021013984 0.00045842343
   1172.7568 0.00045404246 0.0001572484
   1240.0226 0.00038706124 -0.00022159259
   1311.1465 6.8513189e-05 -0.00045547224
   1386.3499 -0.00034654266 -0.0003319222
   1465.8666 -0.00044414061 0.00010210489
   1549.9442 -0.0001217387 0.00041169816
   1638.8442 0.00031276263 0.0002888343
   1732.8433 0.00034608523 -0.00016247242
   1832.2339 -5.5387092e-05 -0.00043323773
   1937.3252 -0.00044734447 -5.6457782e-05
   2048.4443 -0.00013806093 0.00048431498
   2165.9368 0.00044149134 0.00016082599
   2290.1682 0.00014872612 -0.0004906542
   2421.5251 -0.00054242346 -6.3571031e-05
   2560.4165 0.00010250432 0.00054143189
   2707.2742 0.00047259097 -0.00034456741
   2862.5549 -0.00052758784 -0.00022442359
   3026.7424 0.00010096384 0.00050671352
   3200.3469 0.00028539635 -0.00035029254
   3383.9092 -0.00040751611 2.9592646e-05
   3577.9998 0.00034022372 0.00025135133
   3783.2229 -0.00016661591 -0.00041937851
   4000.2168 6.3423067e-05 0.00047646102
   4229.6572 -6.4930216e-05 -0.00056454178
   4472.2573 0.00013946244 0.00050345925
    4728.772 -0.00023142177 -0.00040386655
        5000 0.00035355767 0.00026854099