          20 -0.00097917556 -0.001556651
   20.893618 -0.0016001398 0.0017128586
   21.827164 0.00044422955 0.0011589306
   22.802422 0.00097238121 0.0010121168
   23.821255 0.0013889186 0.00057135645
   24.885611 0.0014367695 -0.00021852426
   25.997522 0.0014350537 -0.0010849814
   27.159115 0.00049793546 -0.0020812429
   28.372608 -0.0014134157 -0.0028191798
   29.640322 -0.0030808214 -0.0009040127
    30.96468 -0.0014802002 0.0022000552
   32.348209 0.00022789348 0.0014756981
   33.793556 0.00052184745 0.00032280295
   35.303482 0.00010131398 0.00021013654
   36.880875 9.0128131e-05 0.0001483385
   38.528748 -0.00010654599 -2.5136327e-05
   40.250244 8.6243099e-06 0.00029522768
   42.048664 0.00020100464 0.00018226757
   43.927437 0.00024714068 1.4573534e-05
   45.890152   0.00021888 -6.2588697e-05
   47.940567 0.00013324175 -9.398174e-05
   50.082596 0.00012105899 -5.8517882e-05
   52.320332 9.4471703e-05 -0.00011693207
   54.658051 4.8567676e-06 -5.637114e-05
   57.100224 7.4127231e-05 -1.9836712e-06
   59.651512 0.00013692499 -2.7167918e-05
   62.316795 0.00018939942 -8.9589914e-05
   65.101166 0.00017700098 -0.00018612918
   68.009949 0.00013609811 -0.00024662903
   71.048691 3.4833931e-05 -0.00030821317
   74.223213 -0.00010366755 -0.00028322995
   77.539574 -0.0001304865 -0.00021674388
   81.004112 -0.00011042465 -0.00019052775
   84.623451 -0.00012844818 -0.00018279461
   88.404503 -0.00018347839 -0.00017529677
     92.3545 -0.00020605903 -0.00010794726
    96.48098 -0.00020524309 -3.4145938e-05
   100.79184 -0.00018943907 -3.7841226e-05
   105.29531 -0.00013989711 1.3820471e-05
         110 -0.00015722944 -2.8407951e-05