          20 -7.8824405e-09 1.1402968e-07
   20.874769 7.4566081e-08 1.1815259e-08
     21.7878 1.9648037e-07 6.5949146e-10
   22.740765 2.6644747e-07 -1.4773202e-07
   23.735413 1.7917276e-07 -3.2387294e-07
   24.773563 -5.3311204e-08 -4.5278483e-07
   25.857121 -3.0277857e-07 -3.9120837e-07
   26.988071 -4.855147e-07 -2.3014451e-07
   28.168489 -5.4748836e-07 1.6095441e-08
   29.400536 -4.3004204e-07 2.5899871e-07
   30.686472 -2.8314372e-07 3.8242993e-07
   32.028652 -7.9813496e-08 4.2625669e-07
   33.429535 1.0158342e-07 2.6549802e-07
   34.891693 1.6567212e-09 1.1854608e-07
   36.417801 -1.2118866e-07 2.2009459e-07
   38.010662 -4.1393047e-08 3.9359412e-07
   39.673191 1.5629428e-07 4.6322157e-07
   41.408436 3.5886507e-07 3.8243513e-07
   43.219578 5.1369699e-07 2.0337455e-07
   45.109936 5.5053511e-07 -5.3031322e-08
   47.082973 4.1693394e-07 -2.8463259e-07
   49.142311 2.0634667e-07 -3.1766507e-07
   51.291721 1.641031e-07 -3.3648968e-07
   53.535145 -7.7801005e-08 -3.8728362e-07
    55.87669 -1.8435482e-07 -1.6660483e-07
   58.320652 -1.474817e-07 -6.279479e-08
    60.87151 -8.5370914e-08 1.7572508e-09
   63.533936 -2.520256e-08 -4.965687e-09
   66.312813 -1.9666949e-08 -2.4035648e-08
   69.213234 -1.4348782e-08 -3.2668407e-08
   72.240517 -4.2820663e-08 -5.4603582e-08
   75.400208 -7.4164973e-08 -1.3168325e-08
   78.698097 -5.223103e-08 3.1804355e-08
   82.140236 -1.8061051e-08 3.885205e-08
   85.732925 7.3055506e-10 2.4871845e-08
    89.48275 -2.1940942e-09 1.2521621e-08
   93.396591 -3.5436323e-09 1.3916327e-08
   97.481613 7.1877562e-09 2.5460894e-08
   101.74532 1.3998688e-08 2.202604e-08
    106.1955 2.5261098e-08 1.4752061e-08
   110.84032 2.9040187e-08 8.5314245e-09
   115.68832 3.3846558e-08 1.4443663e-09
   120.74834 3.3101156e-08 -8.2531368e-09
   126.02969 2.4861999e-08 -1.7321851e-08
   131.54204 1.8479637e-08 -2.1769324e-08
   137.29549 2.1569271e-08 -2.1364817e-08
   143.30058 2.5613081e-08 -2.4083977e-08
   149.56834 1.4107449e-08 -2.6337165e-08
   156.11023 9.4249719e-09 -2.6698658e-08
   162.93825 6.8537287e-09 -2.5891609e-08
   170.06493 9.9408523e-11 -2.5645049e-08
   177.50331 -1.2817377e-09 -2.3232356e-08
   185.26703 -6.839449e-10 -2.2297609e-08
   193.37033 -1.023609e-09 -2.2804935e-08
   201.82805 -1.7944104e-09 -2.2010148e-08
    210.6557 -1.7338988e-09 -2.2966841e-08
   219.86946 -3.1499603e-09 -2.272774e-08
   229.48622 -5.7907634e-09 -2.1835161e-08
   239.52361 -6.7244224e-09 -2.2991387e-08
         250 -7.3381474e-09 -2.3180679e-08