   178.05324 -1.7767176e-08 -2.5996076e-08
   184.77509 -1.9427155e-08 -2.210969e-08
    191.7507 -1.1363758e-08 -2.2309271e-08
   198.98967 -2.1382505e-09 -2.1659666e-08
   206.50192 -3.283166e-09 -2.333252e-08
   214.29778 -3.5179577e-09 -2.2263247e-08
   222.38792  -4.2704e-09 -2.2185359e-08
   230.78351 -7.6523738e-09 -2.0888127e-08
   239.49603 -6.8861907e-09 -2.4244001e-08
   248.53748 -7.2774644e-09 -2.3765827e-08
   257.92026 -1.2028195e-08 -2.0854827e-08
   267.65723 -1.3490435e-08 -2.2560515e-08
   277.76181 -1.4374094e-08 -2.1507407e-08
   288.24786 -1.3333331e-08 -1.9428919e-08
   299.12979 -1.6391454e-08 -2.338178e-08
   310.42252 -1.7730033e-08 -1.8990738e-08
   322.14157 -2.1147072e-08 -1.7756523e-08
   334.30304 -2.3591724e-08 -1.824989e-08
   346.92365 -3.2138573e-08 -7.5390161e-10
   360.02069 -2.2245244e-08 -1.1899503e-08
   373.61215 -2.6172771e-08 -1.2885551e-08
   387.71674 -2.7486109e-08 -9.1121297e-09
   402.35382 -2.8798933e-08 -6.5888801e-09
   417.54346 -2.8778672e-08 -3.8343932e-09
   433.30652 -2.8298137e-08 -1.0652653e-09
    449.6647 -2.742682e-08 3.0597811e-09
   466.64041 -2.6013167e-08 4.9031121e-09
   484.25699 -2.7657505e-08 6.6992283e-09
   502.53864 -2.536866e-08 8.0524467e-09
   521.51044 -2.2510209e-08 1.0588022e-08
   541.19849 -2.4825061e-08 1.2202792e-08
   561.62976 -2.2177396e-08 1.2420212e-08
    582.8324 -1.9385123e-08 1.2542888e-08
   604.83545 -1.7374809e-08 1.6568963e-08
   627.66919 -1.4942291e-08 1.519509e-08
   651.36493 -1.4725641e-08 1.508733e-08
    675.9552 -1.3146424e-08 1.5458092e-08
   701.47382 -1.2203158e-08 1.7149825e-08
   727.95581 -1.0239899e-08 1.7895141e-08
   755.43756 -8.4465386e-09 1.5880131e-08
   783.95685 -7.1313337e-09 1.6066064e-08
   813.55273 -6.8983042e-09  1.72888e-08
   844.26593 -5.655012e-09 1.7280458e-08
   876.13861 -4.0587858e-09 1.5839891e-08
   909.21454 -3.3327761e-09 1.5508899e-08
   943.53918 -2.7152454e-09 1.6153173e-08
   979.15961 -1.6105951e-09 1.5778072e-08
   1016.1248 -3.6349243e-10 1.4716171e-08
   1054.4855 4.3059545e-10 1.4326567e-08
   1094.2943 4.9487131e-10 1.3908033e-08
   1135.6061 1.4189429e-09 1.3672658e-08
   1178.4774 2.6964768e-09 1.3959347e-08
   1222.9673 3.0678673e-09 1.2956126e-08
   1269.1367 4.1113193e-09 1.3414706e-08
   1317.0491 4.6103144e-09 1.2651459e-08
   1366.7703 5.1982729e-09 1.2178437e-08
   1418.3684 6.2398682e-09 1.2750347e-08
   1471.9147 6.8700814e-09 1.1894614e-08
   1527.4823 7.1442487e-09 1.0719585e-08
   1585.1477 7.7306472e-09 1.0675587e-08
   1644.9901 7.6328535e-09 9.1477279e-09
   1707.0917 9.1108365e-09 9.9731103e-09
   1771.5377 9.9910142e-09 8.8497858e-09
   1838.4167 1.0803061e-08 8.308243e-09
   1907.8206 1.0972752e-08 7.0113133e-09
   1979.8445 1.2973756e-08 7.1972832e-09
   2054.5874 1.4114825e-08 5.9176566e-09
   2132.1521 1.3709244e-08 3.8841215e-09
    2212.645 1.5910443e-08 2.4702611e-09
   2296.1768 1.6957662e-08 3.447656e-10
   2382.8618 1.9133147e-08 -2.6318117e-09
   2472.8196 1.8306068e-08 -6.0534906e-09
   2566.1733 1.8514408e-08 -1.0326788e-08
   2663.0513 1.5447378e-08 -1.3740809e-08
   2763.5867 1.2608009e-08 -1.7404066e-08
   2867.9175 7.6792963e-09 -1.8188876e-08
    2976.187 3.3983956e-09 -1.8009898e-08
   3088.5437 1.9251127e-09 -1.9084673e-08
   3205.1423 -2.0293347e-09 -1.6655047e-08
   3326.1426 -6.4086727e-09 -1.6937083e-08
   3451.7109 -8.0996783e-09 -1.4320658e-08
   3582.0198 -1.0723221e-08 -1.3730446e-08
    3717.248 -1.3654778e-08 -1.2311991e-08
   3857.5815 -1.7112464e-08 -1.0124144e-08
   4003.2126 -2.1993017e-08 -6.072876e-09
   4154.3418 -2.3720782e-08 1.301785e-09
   4311.1763 -2.170836e-08 9.6250394e-09
   4473.9316 -1.5876308e-08 1.5798827e-08
   4642.8311 -1.0333491e-08 2.0906141e-08
   4818.1069 -3.47317e-09 2.210705e-08
        5000 3.5504244e-09 1.9354145e-08