          10   -11714.122   -25436.719
    10.36199   -14262.349   -19284.969
   10.737083   -17869.488   -20548.359
   11.125754   -17184.463   -23946.434
   11.528495   -18808.816   -22165.807
   11.945815   -17966.084   -23623.428
   12.378241   -20089.289   -21267.576
   12.826321   -20481.445   -23246.391
    13.29062   -20927.324   -22021.865
   13.771727   -21940.609   -21308.566
   14.270248   -22423.119    -21841.15
   14.786817   -22489.984    -22324.66
   15.322084   -24507.342   -23583.715
   15.876728   -24806.303   -22368.051
   16.451448   -25602.314   -21798.916
   17.046974   -26104.824   -22074.502
   17.664057   -25507.994    -21856.27
   18.303478   -27082.793   -22214.254
   18.966045   -28710.217   -21895.557
   19.652596   -29417.414   -21562.719
      20.364   -29628.533   -21325.719
   21.101156   -30594.596   -20936.721
   21.864996   -31426.688   -20438.361
   22.656487   -31746.426   -20408.727
   23.476627    -32229.08   -20258.641
   24.326456   -32871.996   -19608.582
    25.20705   -33403.621   -19259.244
   26.119518   -33996.238    -19302.41
   27.065018   -34959.363   -18728.191
   28.044744   -35561.855   -18381.971
   29.059935   -35618.395   -17838.668
   30.111874    -36132.84   -18243.727
   31.201893   -36479.086    -17308.91
   32.331367   -36771.281   -17017.836
   33.501732    -37013.52   -16776.264
   34.714458   -37560.949   -16305.043
   35.971088   -37834.543   -15968.125
   37.273201   -38358.355   -15797.902
   38.622456   -38270.066   -15477.114
   40.020546   -38702.461   -14827.992
    41.46925   -39063.031    -14671.22
   42.970394   -39571.184   -14685.644
   44.525875   -39704.574   -14043.396
   46.137669   -39996.406   -14125.763
   47.807804   -40446.863   -13377.208
   49.538395   -40269.773   -13345.883
   51.331635   -40550.812   -12821.663
   53.189789   -40398.684    -12658.13
   55.115204   -40799.391   -12210.979
   57.110317   -41060.039    -12360.23
    59.17765   -41343.105    -11559.07
    61.31982   -41442.461   -12048.317
   63.539536   -42009.746   -11348.216
     65.8396   -41676.145   -11198.099
   68.222923   -41554.016    -11228.49
   70.692528   -41786.762   -10920.773
   73.251518   -41843.828   -10688.136
   75.903152   -42118.656   -10576.888
   78.650764   -42207.371   -10488.626
   81.497841   -42065.496   -10280.801
   84.447975    -42473.16   -10296.692
   87.504906   -41887.816   -10213.565
   90.672493   -42490.363    -9841.708
   93.954742   -42501.367   -9802.3008
   97.355812   -42608.246   -9579.8936
   100.87999   -42619.535   -9394.7832
   104.53174   -42747.496   -9756.0137
   108.31568   -43173.746   -9894.7988
    112.2366   -42828.586   -9729.6641
   116.29945   -42397.355   -9160.7256
   120.50937   -42839.711   -9418.3721
   124.87168   -42309.746   -10665.201
   129.39191   -42823.148   -9134.0059
   134.07576   -42761.621   -9461.6465
   138.92917   -42831.547   -9385.8379
   143.95825   -42733.512   -9379.5732
   149.16939   -42745.609   -9455.8408
   154.56917   -43062.762   -9438.3486
   160.16441   -42880.043   -9354.0684
    165.9622   -42976.297   -9519.9053
   171.96986   -42965.578   -9923.8848
   178.19499   -42857.281   -9714.4785
   184.64546   -42904.242   -10173.186
   191.32944   -43187.625   -10412.439
   198.25537   -42890.324   -10242.763
   205.43201    -42938.93   -10764.801
   212.86844   -42817.105   -9994.4141
   220.57405   -42685.195   -10722.521
   228.55861   -43347.848    -11053.77
    236.8322   -42221.211   -10928.019
   245.40527   -42581.523   -11615.629
    254.2887   -42710.547   -12350.556
   263.49368    -42519.68   -11773.041
   273.03189   -42503.016   -12062.062
   282.91534   -42363.758   -12234.071
   293.15659    -42314.93    -12401.91
   303.76855   -42094.453   -12748.205
   314.76465    -42143.82   -13074.529
   326.15881   -42085.703   -13463.499
   337.96542   -41935.082   -13700.976
   350.19943   -41738.059   -14142.646
   362.87628   -41615.684   -14545.367
   376.01202    -41579.23   -14876.793
   389.62329   -41458.188   -15310.893
   403.72723   -41336.855   -15761.254
   418.34174   -41185.871   -16172.484
   433.48529   -40870.586   -16593.449
     449.177   -40937.043   -17137.068
   465.43674   -40711.312   -17602.074
   482.28506    -40252.02   -18002.805
   499.74329   -40058.719   -18637.289
    517.8335    -39833.32   -19196.418
   536.57855   -39572.973   -19762.812
   556.00214   -39258.695   -20343.715
   576.12878    -38944.07   -20960.584
   596.98407   -38581.809   -21580.072
    618.5943   -38197.855   -22203.582
   640.98676   -37801.438   -22880.188
   664.18982   -37401.836    -23552.07
   688.23279   -36920.922    -24242.75
   713.14612    -36425.66   -24945.654
   738.96124   -35942.312   -25690.311
   765.71088   -35332.223   -26408.439
   793.42883   -34711.328   -27160.674
   822.15015   -34077.094   -27931.354
   851.91113   -33412.363    -28736.27
   882.74945   -32718.264   -29561.002
   914.70404   -31953.342   -30344.328
   947.81537   -31088.365   -31174.848
   982.12531   -30209.135   -31943.846
   1017.6772   -29281.039   -32824.414
   1054.5161   -28277.746   -33635.336
   1092.6885   -27190.504   -34436.391
   1132.2427   -26044.984   -35260.605
   1173.2288   -24831.352   -36031.918
   1215.6984   -23536.592   -36771.805
   1259.7054   -22213.059    -37571.18
   1305.3054    -20777.76   -38325.055
   1352.5562   -19289.277   -39040.371
   1401.5172   -17693.178    -39688.09
   1452.2507   -16044.032   -40407.574
   1504.8207   -14308.439   -41042.094
   1559.2937   -12453.365   -41545.285
   1615.7385   -10501.347    -42019.43
   1674.2266   -8504.0684    -42412.84
   1734.8318   -6385.7251   -42778.316
    1797.631   -4170.1084   -42970.227
   1862.7034   -1891.7838   -43060.609
   1930.1312    490.80875    -43070.48
        2000    2952.8318    -42872.43