    77.95192 -6.8921423e-08 -3.7667007e-09
   84.446091 -2.4264217e-08 9.8956834e-09
     91.4813 -2.5698091e-08 1.3515826e-09
   99.102608 -1.3643348e-08 1.3618084e-08
   107.35884 2.6070825e-09 1.1153422e-08
   116.30291 1.0743737e-08 -2.7830511e-09
    125.9921 1.3489301e-08 -1.5540799e-08
   136.48851 9.3958761e-09 -2.379825e-08
   147.85936 4.2295119e-09 -3.1732956e-08
   160.17754 -1.8482125e-09 -3.5157669e-08
   173.52193 -6.9883361e-09 -3.7514297e-08
   187.97803 -1.2214845e-08 -3.8030048e-08
   203.63849 -1.6887514e-08 -4.0091553e-08
   220.60361 -2.2981878e-08 -4.2045659e-08
    238.9821 -3.0212195e-08 -4.4985335e-08
   258.89169 -4.0751626e-08 -4.5869307e-08
   280.45996 -4.8925536e-08 -4.2471115e-08
   303.82507 -5.8333836e-08 -3.9056033e-08
   329.13675 -6.899036e-08 -2.9371316e-08
   356.55713 -7.4394578e-08 -1.9822558e-08
    386.2619 -8.0781483e-08 -8.7576328e-09
   418.44141 -8.4047727e-08 6.5153465e-09
   453.30176 -8.2808818e-08 2.0532275e-08
   491.06631 -7.4390016e-08 3.3429387e-08
   531.97705 -6.7659514e-08 4.4877385e-08
   576.29608 -5.6974756e-08 5.4199013e-08
   624.30731 -4.389689e-08 5.5436232e-08
   676.31836 -3.5099504e-08 6.0214013e-08
   732.66241 -2.5291035e-08 5.9488908e-08
    793.7005 -1.6172539e-08 5.7927338e-08
   859.82373 -8.996369e-09 5.8088531e-08
   931.45563 -2.2596272e-09 5.3501015e-08
   1009.0552 3.236126e-09 5.0556711e-08
   1093.1196 8.7916012e-09 4.9513755e-08
   1184.1874 1.2777852e-08 4.3756192e-08
    1282.842 1.7853804e-08 4.3160657e-08
   1389.7157 2.1577355e-08 3.8330075e-08
   1505.4928 2.5286385e-08 3.4524707e-08
   1630.9155 3.0226616e-08 3.1415066e-08
    1766.787 3.5672912e-08 2.7569451e-08
    1913.978 4.2713314e-08 2.2637789e-08
   2073.4316 4.8466585e-08 1.4273992e-08
   2246.1692 5.5785456e-08 1.5724119e-09
   2433.2976 6.0769011e-08 -1.906278e-08
   2636.0156 5.062045e-08 -4.5261583e-08
   2855.6221 2.3080048e-08 -5.9164332e-08
   3093.5239 -1.7799733e-09 -5.7728315e-08
   3351.2454 -2.3682068e-08 -5.5566527e-08
   3630.4377 -4.1528338e-08 -4.5475169e-08
   3932.8894 -6.879629e-08 -2.790695e-08
   4260.5386 -7.6787671e-08 2.5400123e-08
   4615.4839 -3.7297003e-08 6.8943002e-08
        5000 1.4700094e-08 7.4703976e-08