     91.4813 -4.0300936e-09 -1.2452348e-08
   99.102608 -1.076746e-09 4.0143671e-09
   107.35884 1.2415047e-08 2.7698159e-09
   116.30291 2.2467146e-08 -1.0913318e-08
    125.9921 1.9933799e-08 -2.2989159e-08
   136.48851 1.349682e-08 -2.854666e-08
   147.85936 9.0542844e-09 -3.0197196e-08
   160.17754 2.2687636e-09 -3.5315939e-08
   173.52193 -2.9106934e-10 -3.2022029e-08
   187.97803 -1.9785837e-09 -3.2311871e-08
   203.63849 -7.410546e-09 -3.545939e-08
   220.60361 -1.1035643e-08 -3.62379e-08
    238.9821 -1.5457637e-08 -3.657847e-08
   258.89169 -2.6263228e-08 -3.9988496e-08
   280.45996 -3.1803477e-08 -3.9358049e-08
   303.82507 -4.1447493e-08 -3.6097607e-08
   329.13675 -4.7563464e-08 -2.7418494e-08
   356.55713 -5.4747456e-08 -2.3215039e-08
    386.2619 -5.6664774e-08 -1.3819629e-08
   418.44141 -6.5927729e-08 -3.0795497e-09
   453.30176 -6.3054188e-08 7.9410096e-09
   491.06631 -5.7432199e-08 1.8189766e-08
   531.97705 -5.3227097e-08 2.9042219e-08
   576.29608 -4.6152074e-08 3.6269416e-08
   624.30731 -3.8719985e-08 4.1640995e-08
   676.31836 -2.5858919e-08 3.6263568e-08
   732.66241 -2.1084265e-08 4.0790585e-08
    793.7005 -1.4179387e-08 3.9166981e-08
   859.82373 -9.3188737e-09 4.0793562e-08
   931.45563 -4.2442516e-09 4.0617188e-08
   1009.0552 -9.9237363e-12 3.4867828e-08
   1093.1196 3.9298267e-09 3.3560568e-08
   1184.1874 6.9989303e-09 3.0881434e-08
    1282.842 1.179999e-08 3.2776832e-08
   1389.7157 1.3762538e-08 2.795432e-08
   1505.4928 1.7155573e-08 2.5984075e-08
   1630.9155 2.0191528e-08 2.3493454e-08
    1766.787 2.3423455e-08 2.015148e-08
    1913.978 2.8869019e-08 1.7286572e-08
   2073.4316 3.534868e-08 1.2176927e-08
   2246.1692 3.9421632e-08 3.3619596e-09
   2433.2976 4.114489e-08 -1.0199138e-08
   2636.0156 3.7867782e-08 -3.0067493e-08
   2855.6221 1.7330224e-08 -3.5485346e-08
   3093.5239 1.5492294e-09 -4.054986e-08
   3351.2454 -1.4579661e-08 -4.3784897e-08
   3630.4377 -2.6191998e-08 -3.3467991e-08
   3932.8894 -4.9704248e-08 -2.4717702e-08
   4260.5386 -5.7885895e-08 1.2085614e-08
   4615.4839 -3.2088984e-08 4.3631644e-08
        5000 2.1947255e-09 5.4446602e-08