          20 -0.0016619096 -0.0017626622
   21.147139 -0.00097669871 0.0019225039
   22.360073 0.00058526191 0.0015486167
   23.642578 0.0024715941 0.0012341512
   24.998644 0.0028008118 -0.00076426222
   26.432489 0.0021903822 -0.0038027803
   27.948576 -0.0012424605 -0.0046785586
    29.55162 -0.0049244617 -0.0013235052
   31.246611 -0.0016313212 0.0026749233
   33.038822 0.00059764966 0.0011191826
   34.933826 0.00020010796 2.0821502e-05
   36.937523 0.00017339863 9.8535857e-05
   39.056145 9.7105985e-06 8.8195942e-05
   41.296288 0.00012937804 -4.8264905e-05
   43.664917 4.0731949e-05 -0.00019510784
   46.169399 -0.00017331379 -0.00032396519
   48.817535 -0.00037985266 -0.00024939247
   51.617561 -0.0004553858 -0.00011797671
   54.578186 -0.00063616817 7.1751398e-05
   57.708622 -0.00061000482 0.00032058678
   61.018612 -0.00045357845 0.00051780639
   64.518456 -8.5367006e-05 0.00075754308
   68.219032 -0.00016027151 0.00062611187
   72.131866 -2.9370523e-05 0.00070323696
   76.269127 4.3237393e-05 0.00065874303
   80.643692 0.00024554593 0.00070776511
   85.269165 0.00039530828 0.00059010973
   90.159943 0.00048559788 0.00052864227
   95.331245 0.00061933574 0.00044545517
   100.79915 0.00065850088 0.0003542614
   106.58068 0.00072196114 0.00021628533
   112.69382 0.00078115705 7.193083e-05
   119.15759 0.00074623618 -5.6047942e-05
    125.9921 0.00073098612 -0.00019300755
   133.21863 0.00066936505 -0.00033690705
   140.85963 0.00061438588 -0.00043834036
   148.93892 0.00051486905 -0.00050725695
    157.4816 0.00041038441 -0.00054360396
   166.51425 0.00030276764 -0.00061623577
     176.065 0.00020150568 -0.00064765546
   186.16354 9.4417795e-05 -0.00070690975
   196.84132 -1.7120658e-05 -0.00071018992
   208.13153 -0.0001058991 -0.00066157075
   220.06932 -0.00027229331 -0.00067312724
   232.69182 -0.00040295985 -0.00066482008
    246.0383 -0.00053600821 -0.00050111301
    260.1503 -0.00071094296 -0.00039873351
   275.07172 -0.00083249249 -0.00022470036
     290.849 -0.00090492982 -7.0870861e-05
   307.53122 -0.00086319516 0.00023217601
   325.17026 -0.00083001907 0.00047152757
   343.82101 -0.00078111846 0.0010548698
   363.54153 -0.00044343012 0.00088621705
   384.39316 -9.3421782e-05 0.00092085148
   406.44077 0.00025253466 0.00088396814
   429.75296 0.00055633864 0.0007580021
   454.40228 0.00086008961 0.00053872506
   480.46539  0.001026826 0.00015199074
   508.02344 0.00095617637 -0.00026239097
   537.16211 0.00072073902 -0.00063576153
   567.97205 0.00033965654 -0.00084053859
   600.54919 -5.9304009e-05 -0.00083029567
   634.99487 -0.00043427653 -0.00067575445
    671.4162 -0.00066624029 -0.00036284764
   709.92657 -0.0007551731 3.4180688e-05
   750.64581 -0.00055959378 0.00036324677
    793.7005 -0.00025979301 0.00059986184
   839.22473 0.00011078777 0.00062094623
   887.36011 0.00045716146 0.0004186891
   938.25635 0.00057047827 5.978164e-05
   992.07184 0.00045499182 -0.00030843582
   1048.9741 0.00013599267 -0.00050334341
     1109.14 -0.00024449563 -0.00044126759
   1172.7568 -0.000449585 -0.00012359586
   1240.0226 -0.0003747764 0.00023965609
   1311.1465 -4.9203725e-05 0.00043348139
   1386.3499 0.00032042526 0.00029193421
   1465.8666 0.00041393636 -0.00011036079
   1549.9442 0.00011193706 -0.00041611007
   1638.8442 -0.00033342576 -0.000294403
   1732.8433 -0.00039725081 0.00019317007
   1832.2339 5.5002278e-05 0.00044168424
   1937.3252 0.00044686761 5.4450436e-05
   2048.4443 0.00012504333 -0.00046737518
   2165.9368 -0.00048679349 -0.00016334634
   2290.1682 -0.0001470547 0.00053388625
   2421.5251 0.00056019967 5.8102938e-05
   2560.4165 -0.0001277775 -0.00060543267
   2707.2742 -0.00049763138 0.00036696898
   2862.5549 0.00053276657 0.00023003815
   3026.7424 -0.00013973018 -0.00054477411
   3200.3469 -0.00030567485 0.0004090984
   3383.9092 0.00049207493 -5.1629486e-05
   3577.9998 -0.00041165869 -0.00025795316
   3783.2229 0.00024090199 0.00046553239
   4000.2168 -0.00012885866 -0.00054192758
   4229.6572 0.00013100544 0.00056234375
   4472.2573 -0.00022915186 -0.00049853872
    4728.772 0.00031416016 0.00038284049
        5000 -0.00041634799 -0.00019635205