   329.13675 0.00046797932 -0.00017716334
   356.55713 0.00025354413 -0.00035238537
    386.2619 0.00010821574 -0.00041081166
   418.44141 -0.00010453184 -0.0004531985
   453.30176 -0.00040607067 -0.00042394813
   491.06631 -0.0005686488 -0.00011831749
   531.97705 -0.00051226385 0.00023462217
   576.29608 -0.00025323709 0.00049525622
   624.30731 0.00011253544 0.00050522829
   676.31836 0.00041639095 0.00029103385
   732.66241 0.00046889335 -8.0837293e-05
    793.7005 0.00023336326 -0.00035265385
   859.82373 -0.00012907184 -0.00041137988
   931.45563 -0.000378319 -0.00012732623
   1009.0552 -0.00028826063 0.00023767751
   1093.1196 7.5566102e-05 0.0003600764
   1184.1874 0.00034109742 6.8691501e-05
    1282.842 0.00016337242 -0.00029463557
   1389.7157 -0.00025501347 -0.00022392726
   1505.4928 -0.00022807719 0.00020626947
   1630.9155 0.00021332447 0.00022919514
    1766.787 0.00020639769 -0.00025535605
    1913.978 -0.00030581304 -0.00012691719
   2073.4316 2.472145e-05 0.00034694484
   2246.1692 0.00027629617 -0.00025380394
   2433.2976 -0.00040982402 3.7550133e-05
   2636.0156 0.00041412821 0.00012484909
   2855.6221 -0.00035540963 -0.00017010466
   3093.5239 0.00032194043 0.00013904707
   3351.2454 -0.00028578821 -8.3398641e-05
   3630.4377 0.00028382643 -1.4594262e-05
   3932.8894 -0.00023265077 0.00024502142
   4260.5386 -0.0001711753 -0.00031828054
   4615.4839 0.00028165034 -0.00016812001
        5000 0.00022808778 0.00020364061