          20 -8.7160784e-05 -0.00035552713
   20.660965 -0.00032185816 0.00061517261
   21.343773 -5.6704801e-05 0.0011553915
   22.049149 0.0008554036 0.00028618649
   22.777834 0.00047715878 -9.7119409e-05
   23.530602 1.2501657e-05 -0.00057801884
   24.308247 0.00059078843 0.00071186933
   25.111591 0.0010127246 0.00041996822
   25.941486 0.00075370906 7.1818984e-05
   26.798807 0.00057950697 -0.00053713657
    27.68446 0.00045718718 -0.0012517221
   28.599382 -0.00033705073 -0.0015704536
   29.544542 -0.0017342234 -0.0014311277
   30.520939 -0.0016195541 0.0010789145
   31.529602 -0.0002231087 0.0014768241
   32.571598 0.00015544187 0.00087608857
   33.648033 0.00051624933 0.00018356967
   34.760044 0.00016659207 0.00012621361
   35.908802 6.6934794e-05 0.00011730959
   37.095524 0.00020170778 -0.00025772554
   38.321465 -0.00016786439 -0.00053149823
   39.587925 2.2423181e-05 0.00020870531
   40.896236 7.1598995e-05 0.00013902651
   42.247784 0.00011695742 5.5492641e-05
   43.644001 0.0001429329 -6.8174768e-06
   45.086357 0.00013137991 -7.6383774e-05
   46.576382 8.0020283e-05 -9.1395254e-05
    48.11565 -5.9445856e-06 -7.7072276e-05
   49.705788 -1.2870204e-05 -2.0748454e-05
   51.348476 1.1536748e-05 -3.3660795e-05
   53.045456 -9.5736803e-05 -4.6864538e-05
   54.798515 -9.5298048e-05 6.7591573e-05
   56.609509 -1.9167659e-05 0.00010611225
   58.480354 3.0782339e-05 0.00011311547
   60.413029 0.00010519983 0.00010127421
   62.409573 0.00014884568 4.143425e-05
   64.472099 0.00013856959 -3.0460127e-05
   66.602791 0.00012695968 -7.8095531e-05
   68.803894 0.0001115318 -0.00012275265
   71.077744 2.2331718e-05 -0.00016759202
   73.426743 -2.2851049e-05 -0.00016512904
   75.853363 -7.9851372e-05 -9.673302e-05
   78.360184 -8.762793e-05 -1.6078902e-05
   80.949852 -4.147592e-05 -2.5409976e-05
   83.625107 -2.8209877e-05 -2.2222859e-05
   86.388763 -4.7058289e-05 -6.1493498e-05
   89.243767 -8.2284416e-05 -5.3726388e-05
   92.193115 -8.8946246e-05 3.5314702e-06
   95.239937 -7.903581e-05 8.3617879e-06
   98.387451 -7.119801e-05 6.2207997e-05
   101.63898 -1.7574079e-05 8.060666e-05
   104.99797 1.1522802e-05 5.7316196e-05
   108.46797 2.5670901e-05   2.7345e-05
   112.05265 0.00011646636 1.948586e-05
   115.75579 6.7484543e-05 -1.5383552e-05
   119.58131 6.8438334e-05 -4.4235236e-05
   123.53327 3.4929217e-05 -6.5102475e-05
   127.61583 8.1624721e-06 -8.635893e-05
   131.83331 -1.9572686e-05 -9.1729373e-05
   136.19017 -4.9037826e-05 -9.1162176e-05
   140.69101 -7.6226439e-05 -8.017417e-05
   145.34061 -0.00010416511 -7.2080118e-05
   150.14386 -0.00012986266 -4.4040404e-05
   155.10585 -0.00013697095 2.9113526e-06
   160.23183 -0.00013674003 3.6783615e-05
   165.52721 -0.00012904228 7.0423979e-05
   170.99759 -0.00011389038 0.00010557206
   176.64877 -8.1314123e-05 0.00012971577
   182.48669 -4.039337e-05 0.00015128126
   188.51756 -1.5424981e-05 0.00014389202
   194.74774 1.6595068e-05 0.00013397279
   201.18381 6.4867956e-05 0.00012499343
   207.83258 6.2522646e-05 9.967816e-05
   214.70108 7.6139811e-05 7.4123032e-05
   221.79659 0.00010790619 3.6900139e-05
   229.12657 0.00010627152 6.0323759e-06
   236.69881 7.4835814e-05 -4.1636954e-06
   244.52129 6.109578e-05 -1.407258e-05
   252.60228 4.716391e-05 -5.7699886e-05
   260.95035 3.1241278e-05 -3.8429422e-05
   269.57431 -2.3749828e-05 -9.0212765e-05
   278.48325 4.3874825e-06 -3.5381447e-06
   287.68665 1.0899403e-05 -2.1135058e-05
   297.19418 -2.0762267e-05 2.9952451e-05
   307.01593 -9.1473639e-06 5.7000601e-05
   317.16226 -3.5574453e-06 8.9742462e-05
   327.64392 0.00011784972 0.00015137839
   338.47198 0.00014184203 0.00014024576
    349.6579 -0.00043638423 -0.00071772991
   361.21347 2.5847501e-07 -5.0581526e-05
   373.15094 1.7559309e-05 -3.7915721e-05
   385.48294 3.5713667e-05 -2.1556963e-05
   398.22247 3.9484195e-05 -4.0158491e-05
   411.38303 4.4709745e-05 -4.11808e-05
   424.97852 2.0233309e-05 -7.3594834e-05
   439.02332 8.9905852e-06 -8.8958426e-05
   453.53226 3.5428284e-06 -7.3787232e-05
   468.52072 -3.8455579e-05 -8.5133885e-05
   484.00449 -6.5931163e-05 -7.6107259e-05
         500 -9.4285831e-05 -5.281614e-05