     290.849 -3.9965878e-05 3.8896487e-06
   307.53122 -2.8531294e-05 5.7923426e-05
   325.17026 8.4575178e-05 0.0001110194
   343.82101 0.0010586084 0.00069612014
   363.54153 9.7006787e-06 -4.1701947e-05
   384.39316 3.1983138e-05 -3.6506128e-05
   406.44077 3.0168494e-05 -4.54824e-05
   429.75296 1.928965e-05 -8.4930834e-05
   454.40228 -2.2384454e-05 -9.1644535e-05
   480.46539 -6.7319845e-05 -8.3617444e-05
   508.02344 -7.8081757e-05 -3.8879149e-05
   537.16211 -0.00010135494 4.4058788e-06
   567.97205 -8.7449225e-05 5.1591796e-05
   600.54919 -5.1570823e-05 0.00010059607
   634.99487 3.0814942e-06 9.4076546e-05
    671.4162 4.7856069e-05 8.3525636e-05
   709.92657 9.4879164e-05 4.1064941e-05
   750.64581 9.0560163e-05 -1.3407784e-05
    793.7005 7.115904e-05 -7.3803036e-05
   839.22473 1.8882392e-05 -8.4546264e-05
   887.36011 -3.7744256e-05 -7.6767174e-05
   938.25635 -8.6273401e-05 -3.3868779e-05
   992.07184 -8.3557868e-05 3.1238618e-05
   1048.9741 -3.7444159e-05 7.8025369e-05
     1109.14 2.7337273e-05 7.4428601e-05
   1172.7568 6.8929156e-05 2.7861073e-05
   1240.0226 6.2902807e-05 -3.6893267e-05
   1311.1465 5.2049982e-06 -6.7392357e-05
   1386.3499 -5.3589942e-05 -4.5517932e-05
   1465.8666 -6.1710103e-05 2.282684e-05
   1549.9442 -8.1006556e-06 5.7317302e-05
   1638.8442 5.1993899e-05 3.1252832e-05
   1732.8433 3.7076126e-05 -2.7899052e-05
   1832.2339 -1.7809414e-05 -5.2564519e-05
   1937.3252 -5.7503905e-05 4.2070542e-06
   2048.4443 -6.3054099e-06 5.5734567e-05
   2165.9368 5.5054548e-05 3.8883395e-06
   2290.1682 5.0644585e-06 -5.3430278e-05
   2421.5251 -5.2742609e-05 -2.6298235e-06
   2560.4165 1.7640778e-05 4.736783e-05
   2707.2742 3.0472871e-05 -3.3923094e-05
   2862.5549 -3.5404941e-05 -2.8652714e-06
   3026.7424 5.1729721e-06 5.2303734e-05
   3200.3469 2.4828332e-05 -2.1217893e-05
   3383.9092 -1.1342552e-05 -8.5628117e-06
   3577.9998 8.3425166e-06 3.1531887e-05
   3783.2229 1.4784246e-05 -4.4522494e-05
   4000.2168 -3.2401491e-05 3.6483976e-05
   4229.6572 4.6719098e-05 -3.2388383e-05
   4472.2573 -4.2582284e-05 5.2990992e-05
    4728.772 2.3653722e-05 -7.0718947e-05
        5000 7.654171e-06 6.7608649e-05