          20 -0.0001073161 -0.00040689376
   20.755039 -0.00040852843 0.00016190964
   21.538582 -0.00012272579 0.00052613171
   22.351706 0.00018975922 0.00028564013
   23.195526 0.00044563858 0.00069065002
   24.071201 0.00045357249 6.8384179e-05
   24.979937 0.00064302952 -4.1355008e-05
   25.922977 0.0007741861 -0.00029765721
   26.901621 0.0002465524 -0.00070778205
    27.91721 0.00017316686 -0.0014745165
   28.971138 -0.0009634298 -0.0014116053
   30.064856 -0.0017353611 -0.00023185046
   31.199863 -0.00090596214 0.00092087593
    32.37772 -3.979364e-06 0.00084136048
    33.60004 0.00030697562 0.00028851305
   34.868507 0.00018532531 5.9907139e-05
    36.18486 9.7510951e-05 0.00013843045
   37.550911 6.7352903e-06 0.00022035945
   38.968529 7.4566058e-05 0.00026318565
   40.439667 0.00018082403 0.00027301937
   41.966343 0.00030842412 0.00017697274
   43.550655  0.000344061 2.5032376e-05
   45.194778 0.00031292101 -0.00011171144
   46.900967 0.00020459958 -0.00019796565
    48.67157 0.00010188889 -0.00017066144
   50.509018  8.93697e-05 -0.00015328397
   52.415833 3.0014151e-06 -0.00020034226
    54.39463 -8.8412045e-05 -7.886978e-05
   56.448135 -3.3015549e-06 -2.2050535e-06
   58.579163 4.374827e-05 -2.2545885e-06
   60.790638 0.00010841584 -2.5724768e-05
   63.085606 0.00012720784 -9.4421099e-05
   65.467209 8.929662e-05 -0.00014393913
   67.938721 6.1289509e-05 -0.0001717448
    70.50354 5.2126811e-06 -0.00021040223
   73.165192 -6.1606181e-05 -0.00020154592
   75.927315 -8.6236425e-05 -0.00012317672
   78.793724 -6.3986197e-05 -0.00011309838
   81.768333 -5.4638807e-05 -0.00011690783
   84.855247 -6.5068198e-05 -0.00013142069
   88.058701 -0.00011042086 -0.00013116228
   91.383087 -0.00014552577 -0.00010558461
   94.832977 -0.00012530599 -9.7027842e-05
   98.413109 -0.0001337492 -7.7254321e-05
    102.1284 -0.00014304317 -5.9983915e-05
   105.98394 -0.00012977599 -5.1532938e-05
   109.98504 -0.00010970707 -4.7270936e-05
   114.13719 -0.00011204422 -4.5674307e-05
   118.44609 -0.00012353725 -4.6364716e-05
   122.91766 -0.00013811422 -4.6833502e-05
   127.55804 -0.00015254671 -3.9357164e-05
   132.37361 -0.0001870155 -2.3232797e-05
   137.37097 -0.00018114425 1.9320255e-06
   142.55699 -0.0001861221 2.320432e-05
    147.9388 -0.00020450911 5.0386407e-05
   153.52377 -0.00021002819 8.6449603e-05
    159.3196 -0.00019798083 0.00011362197
   165.33421 -0.00018268656 0.00013967612
   171.57591 -0.00016298266 0.00018071661
   178.05324 -0.0001498467  0.000199541
   184.77509 -0.00011472085 0.00020948879
    191.7507 -9.7585355e-05 0.00023736373
   198.98967 -6.9906033e-05 0.00024081739
   206.50192 -4.697188e-05 0.00024787101
   214.29778 6.9871544e-06 0.00023345707
   222.38792 3.7178073e-05 0.0002443266
   230.78351 7.0914357e-05 0.00024512544
   239.49603 8.9268215e-05 0.00026110839
   248.53748 0.00012768894 0.00022477907
   257.92026 0.0001629583 0.00021047774
   267.65723 0.00019753812 0.00021457697
   277.76181 0.00023321445 0.00017605929
   288.24786 0.00027186377 0.00012377066
   299.12979 0.00029820966 0.00010186821
   310.42252 0.00034293209 4.9678878e-05
   322.14157 0.00038957116 -2.4948788e-05
   334.30304 0.00035310115 -6.246446e-05
   346.92365 0.00074152055 -0.00048639448
   360.02069 0.00024958717 -0.00028640666
   373.61215 0.00020326019 -0.00034827879
   387.71674 0.00013158259 -0.00041805307
   402.35382 2.7305687e-05 -0.00042245761
   417.54346 -8.0569174e-05 -0.00043548734
   433.30652 -0.00018290099 -0.00038659203
    449.6647 -0.0002674534 -0.00031350472
   466.64041 -0.00034994876 -0.00023143271
   484.25699 -0.00038198096 -0.00012116074
   502.53864 -0.00040793716 -2.4585493e-06
   521.51044 -0.00039536998 0.00012234868
   541.19849 -0.00031884224 0.0002184102
   561.62976 -0.00022579274 0.00029510379
    582.8324 -0.00012541255 0.00037428975
   604.83545 3.753006e-07 0.0003609414
   627.66919 0.00011908686 0.00034435472
   651.36493 0.00022082549 0.00027389132
    675.9552 0.0003010802 0.00018421125
   701.47382 0.00031950918 6.2949155e-05
   727.95581 0.00031279153 -5.4592474e-05
   755.43756 0.00027232693 -0.00016651316
   783.95685 0.00017796885 -0.00023955874
   813.55273 7.1575305e-05 -0.00027795372
   844.26593 -4.0399973e-05 -0.00027330086
   876.13861 -0.00013822327 -0.00021661847
   909.21454 -0.00021145791 -0.00013921174
   943.53918 -0.0002407049 -3.2447864e-05
   979.15961 -0.0002230229 7.507726e-05
   1016.1248 -0.00015420161 0.00015889126
   1054.4855 -6.4836087e-05 0.00022486482
   1094.2943 5.2095729e-05 0.00022480467
   1135.6061 0.00014813789 0.00015952697
   1178.4774 0.00020308502 5.6989604e-05
   1222.9673 0.00019162442 -5.6460045e-05
   1269.1367 0.00013243929 -0.00015738119
   1317.0491 1.9615423e-05 -0.00020361702
   1366.7703 -9.844423e-05 -0.00016973303
   1418.3684 -0.00018028871 -7.5794705e-05
   1471.9147 -0.00018807394 5.4111249e-05
   1527.4823 -0.00010589693 0.00015880956
   1585.1477 2.8510567e-05 0.0002031421
   1644.9901 0.00013659816 0.00011383709
   1707.0917 0.00019773345 -1.6737518e-05
   1771.5377 0.00012452657 -0.00015711422
   1838.4167 -3.5782632e-05 -0.000196835
   1907.8206 -0.00017244217 -9.833846e-05
   1979.8445 -0.00019077303 7.8997087e-05
   2054.5874 -4.5850524e-05 0.00021354454
   2132.1521 0.00014691408 0.00015333355
    2212.645 0.00020319845 -4.7197005e-05
   2296.1768 5.5548502e-05 -0.00021940235
   2382.8618 -0.00018764166 -0.00014672657
   2472.8196 -0.0002072747 0.0001243953
   2566.1733 5.7573718e-05 0.00024723422
   2663.0513 0.00025534193 5.9115132e-06
   2763.5867 5.9861941e-05 -0.00024141256
   2867.9175 -0.00021945764 -9.307736e-05
    2976.187 -0.00011158374 0.00018280631
   3088.5437 0.00015509082 0.00012872214
   3205.1423 0.0001271166 -0.00013745746
   3326.1426 -0.00014419059 -0.00013092457
   3451.7109 -0.00012904327 0.00013700179
   3582.0198 0.00013883585 0.00012385848
    3717.248 0.00011621075 -0.00016804755
   3857.5815 -0.00021025419 -7.4197182e-05
   4003.2126 7.9125302e-06 0.00024143278
   4154.3418 0.00022420475 -0.00012877329
   4311.1763 -0.00023260474 -0.00012215956
   4473.9316 3.9975999e-05 0.00024471863
   4642.8311 0.00015416031 -0.00017385368
   4818.1069 -0.00022510978 7.5761009e-06
        5000 0.00016740483 0.00014802013