          20 3.9206032e-08 3.3755303e-08
   20.755039 7.3889488e-08 5.7612649e-08
   21.538582 1.6366471e-07 4.6322452e-08
   22.351706 2.1104589e-07 -5.4714452e-08
   23.195526 1.8583151e-07 -2.0222204e-07
   24.071201 8.3186229e-08 -3.2116944e-07
   24.979937 -7.7737816e-08 -3.7354704e-07
   25.922977 -2.3897607e-07 -3.2887178e-07
   26.901621 -3.7464113e-07 -2.1715466e-07
    27.91721 -4.6175978e-07 -4.1172864e-08
   28.971138 -4.2618998e-07 1.4073697e-07
   30.064856 -3.0667869e-07 2.6375028e-07
   31.199863 -1.9819682e-07 3.4118503e-07
    32.37772 -3.1875338e-08 3.4316807e-07
    33.60004 7.9005737e-08 2.0735391e-07
   34.868507 -8.5772429e-09 9.7172112e-08
    36.18486 -1.1351764e-07 1.6387695e-07
   37.550911 -8.7347487e-08 2.9591493e-07
   38.968529 3.3963065e-08 3.8991314e-07
   40.439667 1.9973419e-07 3.9442205e-07
   41.966343 3.4590141e-07 3.1183399e-07
   43.550655 4.6374845e-07  1.61765e-07
   45.194778 4.9466126e-07 -3.2142893e-08
   46.900967 3.891619e-07 -2.1642686e-07
    48.67157 2.1911519e-07 -2.8153858e-07
   50.509018 1.6016551e-07 -2.4485252e-07
   52.415833 7.4781632e-08 -3.4285443e-07
    54.39463 -1.3713203e-07 -2.7489202e-07
   56.448135 -1.5794927e-07 -1.0997491e-07
   58.579163 -1.2661754e-07 -3.8720181e-08
   60.790638 -7.4896995e-08 1.6593663e-08
   63.085606 -2.1250239e-08 1.5220591e-08
   65.467209 -4.2060271e-09 -7.4770981e-09
   67.938721 1.7620055e-09 -1.875503e-08
    70.50354 -3.3535161e-09 -3.9342286e-08
   73.165192 -3.8909146e-08 -3.2838432e-08
   75.927315 -5.2919773e-08 3.1606964e-09
   78.793724 -3.1713576e-08 1.9290569e-08
   81.768333 -5.2868439e-09 2.6357785e-08
   84.855247 1.2472052e-08 2.4005304e-08
   88.058701 1.0408203e-08 1.063152e-08
   91.383087 9.7996304e-09 9.8641815e-09
   94.832977 1.0314299e-08 1.0153711e-08
   98.413109 1.9820952e-08 1.6031718e-08
    102.1284 2.3553488e-08 1.0362455e-08
   105.98394 3.3065074e-08 4.6151838e-09
   109.98504 3.769339e-08 7.1448941e-10
   114.13719 3.8341948e-08 -7.9162978e-09
   118.44609 4.2599851e-08 -1.4883674e-08
   122.91766 3.6073448e-08 -2.2822816e-08
   127.55804 3.7053457e-08 -4.0101721e-08
   132.37361 2.9657883e-08 -5.3135999e-08
   137.37097 2.7803393e-08 -5.8105559e-08
   142.55699 1.7116736e-08 -7.0357267e-08
    147.9388 5.6848619e-09 -7.7806156e-08
   153.52377 -3.0895069e-09 -7.5306318e-08
    159.3196 -9.3852721e-09 -6.848947e-08
   165.33421 -1.6993004e-08 -6.5920183e-08
   171.57591 -1.7808281e-08 -5.6026686e-08
   178.05324 -1.6136621e-08 -4.9744301e-08
   184.77509 -2.665252e-08 -4.3610306e-08
    191.7507 -1.0969845e-08 -4.2498886e-08
   198.98967 -2.8054901e-09 -4.3649276e-08
   206.50192 -9.2058174e-09 -4.0636365e-08
   214.29778 -9.462072e-09 -4.1595705e-08
   222.38792 -1.0360702e-08 -4.4673076e-08
   230.78351 -1.3715184e-08 -4.5165962e-08
   239.49603 -1.5706908e-08 -4.6001048e-08
   248.53748 -1.851142e-08 -4.3976712e-08
   257.92026 -2.2301016e-08 -4.5143079e-08
   267.65723 -2.7552476e-08 -4.5496456e-08
   277.76181 -3.2426897e-08 -4.5891849e-08
   288.24786 -3.5372942e-08 -4.5896982e-08
   299.12979 -3.7806146e-08 -4.303314e-08
   310.42252 -4.288928e-08 -3.9492868e-08
   322.14157 -4.8232675e-08 -3.6944513e-08
   334.30304 -5.1442022e-08 -3.5448277e-08
   346.92365 -6.5018632e-08 -1.5627595e-08
   360.02069 -5.6319823e-08 -2.527592e-08
   373.61215 -5.8762097e-08 -2.0557879e-08
   387.71674 -6.2321433e-08 -1.672174e-08
   402.35382 -6.1483703e-08 -1.1846981e-08
   417.54346 -6.4440144e-08 -4.58963e-09
   433.30652 -6.5534891e-08 -1.1531914e-09
    449.6647 -6.3356801e-08 6.4074031e-09
   466.64041 -6.4113124e-08 1.1556993e-08
   484.25699 -6.207388e-08 1.7189398e-08
   502.53864 -5.6915482e-08 2.2094504e-08
   521.51044 -5.4752526e-08 2.5983644e-08
   541.19849 -5.4700539e-08 3.0435565e-08
   561.62976 -5.1416244e-08 3.4433093e-08
    582.8324 -4.6278295e-08 3.5229402e-08
   604.83545 -4.1971429e-08 3.739731e-08
   627.66919 -3.8093667e-08 4.0625331e-08
   651.36493 -3.3870915e-08 4.0645013e-08
    675.9552 -3.126917e-08 4.1839456e-08
   701.47382 -2.7157846e-08 4.1761524e-08
   727.95581 -2.333182e-08 4.2975024e-08
   755.43756 -2.0920321e-08 4.4544361e-08
   783.95685 -1.7609795e-08 4.271055e-08
   813.55273 -1.4542032e-08 4.1226631e-08
   844.26593 -1.2381458e-08 4.1827711e-08
   876.13861 -9.1536432e-09 4.1604185e-08
   909.21454 -6.9886719e-09 4.1966622e-08
   943.53918 -4.6924362e-09 3.9867039e-08
   979.15961 -2.4435798e-09 4.0406825e-08
   1016.1248 1.8738862e-12 3.8578236e-08
   1054.4855 2.2000766e-09 3.9325901e-08
   1094.2943 4.274697e-09 3.7166039e-08
   1135.6061 5.9777583e-09 3.7055109e-08
   1178.4774 6.9700543e-09 3.4315715e-08
   1222.9673 9.0553698e-09 3.3936729e-08
   1269.1367 1.1909639e-08 3.4162102e-08
   1317.0491 1.2448385e-08 3.140752e-08
   1366.7703 1.2420453e-08 2.9689133e-08
   1418.3684 1.5118065e-08 3.0304577e-08
   1471.9147 1.8174253e-08 2.886326e-08
   1527.4823 1.8764224e-08 2.6953328e-08
   1585.1477 2.0277781e-08 2.651081e-08
   1644.9901 2.2236774e-08 2.4893172e-08
   1707.0917 2.3333891e-08 2.3300281e-08
   1771.5377 2.723427e-08 2.3419089e-08
   1838.4167 3.1368003e-08 2.2535147e-08
   1907.8206 3.2972206e-08 1.9395864e-08
   1979.8445 3.4695084e-08 1.7016058e-08
   2054.5874 3.7321691e-08 1.3877056e-08
   2132.1521 4.0969674e-08 1.0569975e-08
    2212.645 4.2446175e-08 5.5169105e-09
   2296.1768 4.547049e-08 -7.6869351e-11
   2382.8618 4.5548852e-08 -7.1269697e-09
   2472.8196 4.809349e-08 -1.6874745e-08
   2566.1733 4.7282555e-08 -2.7707543e-08
   2663.0513 3.9963918e-08 -3.6089354e-08
   2763.5867 2.9184202e-08 -4.077997e-08
   2867.9175 1.9287951e-08 -4.5462087e-08
    2976.187 1.0703982e-08 -4.8459967e-08
   3088.5437 2.7270481e-09 -5.0542646e-08
   3205.1423 -5.8195098e-09 -4.750645e-08
   3326.1426 -1.6083488e-08 -4.398785e-08
   3451.7109 -2.0461318e-08 -3.798781e-08
   3582.0198 -2.7092849e-08 -3.6285559e-08
    3717.248 -3.5250213e-08 -3.3432553e-08
   3857.5815 -4.5580812e-08 -2.826169e-08
   4003.2126 -5.3491565e-08 -1.6260056e-08
   4154.3418 -6.2676307e-08 1.6716696e-09
   4311.1763 -6.0822273e-08 2.5138352e-08
   4473.9316 -4.4581395e-08 4.1390361e-08
   4642.8311 -2.8001722e-08 5.2299608e-08
   4818.1069 -1.1024043e-08 6.2731274e-08
        5000 9.1516377e-09 5.9318516e-08