          20 5.2129332e-07 6.7630388e-08
   20.526152 2.0013468e-07 -3.7639765e-07
   21.066147 -3.3346488e-08 -2.2953357e-07
   21.620346 1.1600504e-07 -2.5284993e-07
   22.189127 3.1530314e-07 1.6067418e-07
   22.772869 1.9198696e-08 -1.7309681e-07
   23.371969 -9.9925854e-09 1.6458931e-09
   23.986832 -2.0260272e-07 -4.070707e-07
   24.617868 -8.8968655e-08 -3.3947293e-07
   25.265505 -2.6266599e-07 -2.0059989e-07
    25.93018 -1.5276245e-07 -2.312072e-07
   26.612341 -4.9031576e-07 -2.79511e-07
   27.312449 -7.5842951e-07 9.1040228e-08
   28.030975 -7.4816899e-07 2.2761616e-07
   28.768404 -5.9748777e-07 3.7006933e-07
   29.525232 -1.6797593e-07 4.9542138e-07
    30.30197 -1.9516765e-08 2.8561664e-07
   31.099142 5.6810286e-11 3.6454142e-07
   31.917288 -1.0569328e-08 2.9140023e-07
   32.756954 1.8044238e-07 2.902969e-07
   33.618713 7.5456228e-08 1.6601295e-07
   34.503139 6.030816e-08 7.1373918e-08
   35.410835 5.4926822e-08 -5.4968282e-08
   36.342411 -1.5601907e-08 1.7530816e-07
   37.298492 4.4130765e-08 2.3404063e-07
   38.279728 6.3558296e-08 3.3280779e-07
   39.286777 1.6881187e-07 3.1829902e-07
    40.32032 2.7142769e-07 3.1903218e-07
    41.38105 3.5396644e-07 2.5279587e-07
   42.469688 4.4144602e-07 1.6296532e-07
   43.586964 4.7253488e-07 1.0284383e-08
   44.733635 4.869454e-07 -1.1882533e-07
   45.910469 3.8947761e-07 -2.2763446e-07
   47.118263 3.0716669e-07 -3.0707508e-07
   48.357834 1.6586364e-07 -3.3974118e-07
   49.630013 9.7311329e-08 -2.8762497e-07
   50.935661 8.1818172e-08 -2.9595657e-07
   52.275658 2.0601522e-08 -3.5527572e-07
   53.650906 -1.0952344e-07 -3.2638403e-07
   55.062332 -1.8344423e-07 -2.2317232e-07
   56.510895 -1.7851841e-07 -1.1662088e-07
   57.997559 -1.4666094e-07 -6.8017904e-08
   59.523338 -1.2737735e-07 -4.200815e-08
   61.089256 -9.613273e-08 4.0137879e-10
   62.696369 -5.921536e-08 2.9612477e-09
   64.345764 -4.2255312e-08 -1.1158164e-08
   66.038544 -4.2622521e-08 -1.6968144e-08
   67.775864 -4.2298041e-08 -2.0274522e-08
   69.558884 -3.2961424e-08 -2.451479e-08
   71.388809 -4.6812374e-08 -4.0987867e-08
   73.266884 -7.3542829e-08 -3.5695219e-08
   75.194359 -8.8249507e-08 -1.0980633e-08
   77.172546 -8.2019177e-08 1.1968336e-08
   79.202774 -6.7791106e-08 3.2668584e-08
   81.286407 -4.7574627e-08 4.6574243e-08
   83.424858 -2.7671396e-08 4.5039023e-08
   85.619568 -1.8661153e-08 3.9522618e-08
   87.872017 -1.6974141e-08 3.0140082e-08
   90.183723 -1.5976681e-08 2.7380818e-08
   92.556236 -1.1753604e-08 3.7402721e-08
   94.991173 -1.0080229e-08 3.3541003e-08
   97.490166 1.0766723e-09 3.9770722e-08
    100.0549 8.6007148e-09 4.0314447e-08
   102.68711 1.285569e-08 3.7856587e-08
   105.38856 2.3332563e-08 3.5439925e-08
   108.16109 2.6372071e-08 3.1425547e-08
   111.00655 3.2392222e-08 2.2880815e-08
   113.92686 3.5542541e-08 1.6709008e-08
     116.924 3.7788755e-08 1.3315745e-08
         120 3.934564e-08 3.3041856e-09