          20 -2.5273209e-07 5.2276533e-07
   20.979284 -1.1339501e-07 -8.4976648e-07
   22.006519 3.2646759e-07 -5.7731825e-07
   23.084053 5.5214292e-07 3.7317431e-08
   24.214346 -2.3387176e-07 -3.5183538e-07
   25.399984 -5.0946812e-07 -2.0953814e-07
   26.643675 -5.2077121e-07 -1.0130059e-07
   27.948263 -4.8335301e-07 1.6371865e-07
   29.316729 -2.0543725e-07 3.8759035e-07
   30.752201 6.6029934e-08 4.7618346e-07
   32.257957 1.068488e-07 2.2008618e-07
   33.837448 1.1784709e-07 1.2148543e-07
    35.49427 -7.950395e-09 1.9550642e-07
   37.232224 -3.1436517e-08 2.1451177e-07
   39.055271 1.9703128e-07 3.1682458e-07
   40.967583 3.4379374e-07 2.2986978e-07
    42.97353 4.9316003e-07 5.4695217e-08
   45.077698 4.7235685e-07 -1.8152927e-07
   47.284893 2.7731005e-07 -3.5363553e-07
   49.600163 8.5926423e-08 -3.4016597e-07
   52.028797 3.7928686e-08 -3.8446933e-07
   54.576347 -1.9158574e-07 -3.0009826e-07
   57.248638 -1.8502406e-07 -1.4994275e-07
   60.051777 -1.5254088e-07 -2.762909e-08
   62.992165 -9.4486403e-08 -1.368008e-08
    66.07653 -9.1581299e-08 -4.0606881e-08
    69.31192 -8.9062141e-08 -3.6656793e-08
   72.705727 -1.147476e-07 -4.2462066e-08
   76.265709 -1.4009822e-07 9.6968868e-09
          80 -1.070919e-07 5.4280051e-08