   99.102608 -1.4146482e-08 5.9621129e-08
   107.35884 8.9874845e-09 5.4029581e-08
   116.30291 2.697233e-08 3.6118649e-08
    125.9921 3.2820378e-08 1.9582279e-08
   136.48851 3.1055727e-08 5.2008433e-09
   147.85936 2.6686015e-08 -5.4530354e-09
   160.17754 2.2576648e-08 -1.2460463e-08
   173.52193 1.7182549e-08 -1.5374702e-08
   187.97803 1.2591712e-08 -1.8762202e-08
   203.63849 1.0541702e-08 -2.2213438e-08
   220.60361 5.8983889e-09 -2.5353874e-08
    238.9821 1.0192719e-09 -2.8594609e-08
   258.89169 -4.9512563e-09 -3.1068279e-08
   280.45996 -1.141365e-08 -3.2126071e-08
   303.82507 -1.8055431e-08 -3.0613386e-08
   329.13675 -2.5082082e-08 -2.580818e-08
   356.55713 -3.0232087e-08 -2.138888e-08
    386.2619 -3.8633686e-08 -1.7165668e-08
   418.44141 -4.103261e-08 -9.5101447e-09
   453.30176 -4.2513612e-08 -1.2362903e-09
   491.06631 -4.1877524e-08 7.7760651e-09
   531.97705 -3.8324558e-08 1.421169e-08
   576.29608 -3.3572359e-08 2.0107617e-08
   624.30731 -2.8185154e-08 2.2889211e-08
   676.31836 -2.2857794e-08 2.6062992e-08
   732.66241 -1.8100494e-08 2.7512886e-08
    793.7005 -1.328975e-08 2.8301431e-08
   859.82373 -8.4893088e-09 2.8755252e-08
   931.45563 -4.5420889e-09 2.6267847e-08
   1009.0552 -1.4507274e-09 2.6024194e-08
   1093.1196 1.6776499e-09 2.5044869e-08
   1184.1874 4.1283568e-09 2.2906853e-08
    1282.842 6.5023906e-09 2.1547091e-08
   1389.7157 9.0963628e-09 1.9946972e-08
   1505.4928 1.1233665e-08 1.8496243e-08
   1630.9155 1.3984308e-08 1.7165929e-08
    1766.787 1.6426178e-08 1.4845122e-08
    1913.978 2.0363643e-08 1.2811715e-08
   2073.4316 2.4615353e-08  9.05042e-09
   2246.1692 2.8485815e-08 2.9444687e-09
   2433.2976 3.0736654e-08 -7.8224494e-09
   2636.0156 2.6192168e-08 -2.0479693e-08
   2855.6221 1.3880747e-08 -3.0066552e-08
   3093.5239 1.5787849e-09 -3.198215e-08
   3351.2454 -1.2600362e-08 -2.7565084e-08
   3630.4377 -2.0168123e-08 -2.2830122e-08
   3932.8894 -3.3690203e-08 -1.387762e-08
   4260.5386 -3.9239996e-08 1.288648e-08
   4615.4839 -1.8680756e-08 3.4691865e-08
        5000 7.4124409e-09 3.6693983e-08