          20 2.2323096e-07 3.0709421e-07
   20.526152 2.9746025e-07 -9.0597928e-07
   21.066147 -3.865843e-07 -2.4593064e-07
   21.620346 2.4676524e-08 -4.466644e-10
   22.189127 2.2509955e-07 -2.6211856e-07
   22.772869 4.3600124e-07 -1.0075423e-07
   23.371969 1.4384236e-07 -1.923933e-07
   23.986832 2.0427258e-07 -2.6739161e-07
   24.617868 9.8403996e-10 -4.7041493e-07
   25.265505 -1.2706472e-07 -5.0556014e-07
    25.93018 -3.9398802e-07 -5.0371926e-07
   26.612341 -2.5458522e-07 -1.9701076e-07
   27.312449 -6.101418e-07 -1.0567894e-07
   28.030975 -4.3377409e-07 2.5836118e-07
   28.768404 -5.2309929e-07 5.4553453e-07
   29.525232 -4.8991274e-07 7.302005e-07
    30.30197 9.0377794e-10 3.9909349e-07
   31.099142 -9.7815906e-08 3.7405917e-07
   31.917288 3.3200639e-08 3.514464e-07
   32.756954 1.3760332e-07 2.704796e-07
   33.618713 1.4256536e-07 1.144633e-07
   34.503139 7.9756781e-08 1.0029478e-07
   35.410835 1.9561587e-07 1.4192038e-07
   36.342411 -1.2274496e-07 1.0608985e-07
   37.298492 -4.5311084e-09 2.8862121e-07
   38.279728 6.8304715e-08 3.3445167e-07
   39.286777 1.7342336e-07 3.4268552e-07
    40.32032 2.7691624e-07 3.2411404e-07
    41.38105 3.6607986e-07 2.4984251e-07
   42.469688 4.4595947e-07 1.5389172e-07
   43.586964 4.7118019e-07 3.1620282e-08
   44.733635 4.6467599e-07 -9.5560914e-08
   45.910469 4.0780742e-07 -2.1614288e-07
   47.118263 3.0012316e-07 -3.1146612e-07
   48.357834 1.6881735e-07 -3.2364184e-07
   49.630013 1.0002567e-07 -2.7931881e-07
   50.935661 9.2030682e-08 -2.828678e-07
   52.275658 2.0751797e-08 -3.3656875e-07
   53.650906 -1.153292e-07 -3.1807946e-07
   55.062332 -1.9849639e-07 -1.966789e-07
   56.510895 -1.8103411e-07 -9.8984557e-08
   57.997559 -1.5365691e-07 -5.0734936e-08
   59.523338 -1.3230222e-07 -3.9647401e-09
   61.089256 -8.3893553e-08 1.5223399e-08
   62.696369 -4.881635e-08 1.960195e-08
   64.345764 -2.9792467e-08 3.1257144e-09
   66.038544 -2.5247717e-08 -8.2784899e-09
   67.775864 -2.3681975e-08 -1.0985983e-08
   69.558884 -1.7974324e-08 -2.1837876e-08
   71.388809 -3.0727616e-08 -3.5307799e-08
   73.266884 -5.678033e-08 -3.5433807e-08
   75.194359 -7.2190034e-08 -1.0562846e-08
   77.172546 -7.0960553e-08 1.8500032e-08
   79.202774 -5.4994931e-08 3.7000838e-08
   81.286407 -3.4753945e-08 4.2264585e-08
   83.424858 -1.7874081e-08 4.0797737e-08
   85.619568 -9.5743609e-09 3.0590837e-08
   87.872017 -1.1963341e-08 2.2059533e-08
   90.183723 -1.0714244e-08 2.4421992e-08
   92.556236 -1.1046483e-08  2.56861e-08
   94.991173 -7.6490805e-09 3.1418619e-08
   97.490166 -2.8868707e-09 3.1935983e-08
    100.0549 4.744849e-09 3.4787526e-08
   102.68711 9.4084145e-09 3.331942e-08
   105.38856 1.5764167e-08 2.8730572e-08
   108.16109 2.0530649e-08 2.6479665e-08
   111.00655 2.5975661e-08 2.3691612e-08
   113.92686 2.8098523e-08 1.818368e-08
     116.924 2.9107158e-08 1.2943022e-08
         120 3.1765204e-08 8.9548156e-09