   23.371969 2.0317106e-07 -2.6161652e-08
   23.986832 2.6902907e-07 5.6588604e-08
   24.617868 1.9292055e-07 -3.9330644e-07
   25.265505 -1.8096743e-07 -1.1690405e-07
    25.93018 -4.055384e-07 -3.5426373e-07
   26.612341 -4.0000998e-07 -3.1995634e-07
   27.312449 -5.4877501e-07 1.2295681e-07
   28.030975 -4.86104e-07 2.8536692e-07
   28.768404 -3.9638488e-07 4.0422796e-07
   29.525232 -4.0896126e-08 3.9075243e-07
    30.30197 6.1678641e-08 2.5646281e-07
   31.099142 5.3856766e-08 2.8441085e-07
   31.917288 2.0350948e-08  2.20223e-07
   32.756954 8.9344852e-08 1.5964395e-07
   33.618713 9.5583495e-08 1.5740731e-07
   34.503139 3.4509124e-08 7.2352826e-08
   35.410835 2.4484498e-07 -8.2162064e-09
   36.342411 -2.8601747e-08 1.432918e-07
   37.298492 -3.5344847e-08 2.1331297e-07
   38.279728 2.8813082e-08  2.88027e-07
   39.286777 1.3293364e-07 2.8561388e-07
    40.32032 2.1227625e-07 2.6239925e-07
    41.38105 2.8702806e-07 2.0960489e-07
   42.469688 3.4739054e-07 1.3146014e-07
   43.586964 3.7345126e-07 3.6830848e-08
   44.733635 3.6524187e-07 -6.8402102e-08
   45.910469 3.2133499e-07 -1.6563988e-07
   47.118263 2.3712184e-07 -2.3194242e-07
   48.357834 1.3239305e-07 -2.522047e-07
   49.630013 7.2728874e-08 -2.132556e-07
   50.935661 6.9675927e-08 -2.087864e-07
   52.275658 1.6839863e-08 -2.5392919e-07
   53.650906 -9.1052186e-08 -2.3781512e-07
   55.062332 -1.5555311e-07 -1.4136872e-07
   56.510895 -1.3899073e-07 -6.1087846e-08
   57.997559 -1.1892341e-07 -2.1068644e-08
   59.523338 -7.9358117e-08 1.025552e-08
   61.089256 -5.8970397e-08 3.6165172e-08
   62.696369 -2.5142924e-08 3.4458694e-08
   64.345764 -7.161403e-09 2.1639153e-08
   66.038544 -1.2459633e-09 8.5338812e-09
   67.775864 3.1647158e-09 3.7957864e-09
   69.558884 8.4433411e-09 -7.4633384e-09
   71.388809 -6.2706207e-10 -2.1984812e-08
   73.266884 -2.0856801e-08 -2.3286921e-08
   75.194359 -3.4337255e-08 -1.0185351e-08
   77.172546 -3.4559811e-08 1.0128971e-08
   79.202774 -2.44946e-08 2.5481457e-08
   81.286407 -8.6965279e-09 3.1590037e-08
   83.424858 4.2500354e-09 2.5451939e-08
   85.619568 1.0301793e-08 1.9775458e-08
   87.872017 7.9762588e-09 1.1810225e-08
   90.183723 7.804914e-09 1.1575122e-08
   92.556236 6.4762875e-09 1.2833047e-08
   94.991173 8.0182465e-09 1.6171224e-08
   97.490166 1.2025566e-08 1.8673781e-08
    100.0549 1.5164138e-08 1.6438857e-08
   102.68711 2.0546626e-08 1.8285109e-08
   105.38856 2.5482342e-08 1.4874263e-08
   108.16109 2.7975663e-08 1.3247733e-08
   111.00655 3.2133642e-08 9.9247162e-09
   113.92686 3.3019543e-08 4.438458e-09
     116.924 3.4303579e-08 3.9122042e-10
         120 3.3399331e-08 -3.5451455e-09