          20 6.5254704e-07 1.6504801e-07
   20.526152 -8.6041615e-07 -3.3163883e-07
   21.066147 1.2769419e-06 7.0254465e-08
   21.620346 3.081843e-07 -4.440611e-07
   22.189127 -2.4223928e-07 5.6350501e-07
   22.772869 5.5186166e-07 1.2303676e-07
   23.371969 -2.0425942e-07 -1.1493581e-07
   23.986832 1.8815385e-07 -2.8545884e-07
   24.617868 -1.7835634e-07 -3.7084482e-07
   25.265505 -3.24865e-07 -4.0356704e-07
    25.93018 -5.7998648e-07 -4.4673899e-07
   26.612341 -6.2037077e-07 -5.326002e-08
   27.312449 -5.3202342e-07 2.9063261e-07
   28.030975 -7.8405884e-07  1.09257e-07
   28.768404 -3.9022649e-07 4.582223e-07
   29.525232 -1.0629886e-07 3.642443e-07
    30.30197 -1.1171414e-07 3.2178338e-07
   31.099142 -8.8891305e-08 2.3413304e-07
   31.917288 6.6737769e-08 3.1493215e-07
   32.756954 8.9049031e-08 2.5034885e-07
   33.618713 1.442782e-07 1.0025578e-07
   34.503139 8.391676e-08 1.1695064e-07
   35.410835 -3.2792112e-08 1.536142e-07
   36.342411 -5.9321057e-08 1.7329344e-07
   37.298492 -4.01965e-08 2.0420495e-07
   38.279728 3.3185778e-08 2.7761644e-07
   39.286777 1.2758048e-07 3.1399227e-07
    40.32032 2.2203095e-07 2.6146103e-07
    41.38105 2.9725709e-07 2.1795653e-07
   42.469688 3.4198132e-07 1.3769682e-07
   43.586964 3.7484736e-07 4.7603951e-08
   44.733635 3.7910414e-07 -3.1519875e-08
   45.910469 3.2501688e-07 -1.5724648e-07
   47.118263 2.4732532e-07 -2.3133873e-07
   48.357834 1.230232e-07 -2.5121983e-07
   49.630013 7.7256999e-08 -1.8313405e-07
   50.935661 7.8444835e-08 -1.962147e-07
   52.275658 2.4563642e-08 -2.3318253e-07
   53.650906 -8.8031449e-08 -2.3062788e-07
   55.062332 -1.3705416e-07 -1.1883789e-07
   56.510895 -1.2681359e-07 -4.2161005e-08
   57.997559 -9.5336972e-08 1.0612265e-08
   59.523338 -8.5803329e-08 4.5910909e-08
   61.089256 -4.7482963e-08 5.762821e-08
   62.696369 -1.2589211e-08 5.0344909e-08
   64.345764 5.6660232e-09 2.7056695e-08
   66.038544 1.8751546e-08 1.632173e-08
   67.775864 1.8766736e-08 1.1229425e-08
   69.558884 2.4718787e-08 -9.5507593e-09
   71.388809 1.2919352e-08 -2.2758757e-08
   73.266884 -9.1461425e-09 -2.4985477e-08
   75.194359 -2.031565e-08 -1.3154325e-08
   77.172546 -2.1429814e-08 1.0436009e-08
   79.202774 -1.1168232e-08 2.619837e-08
   81.286407 5.2954672e-09 2.7778482e-08
   83.424858 1.5800131e-08 2.5436911e-08
   85.619568 2.6116037e-08 1.2204171e-08
   87.872017 2.3098861e-08 5.4886606e-09
   90.183723 1.8169171e-08 9.0865354e-10
   92.556236 1.6388404e-08 5.3153637e-09
   94.991173 1.6443655e-08 9.4105452e-09
   97.490166 2.2393328e-08 1.2550889e-08
    100.0549 2.7665822e-08 1.0896763e-08
   102.68711 2.7772815e-08 8.6741343e-09
   105.38856 3.3009108e-08 8.5888132e-09
   108.16109 3.6369673e-08 4.8905169e-09
   111.00655 4.0249198e-08 1.5889973e-09
   113.92686 4.0169539e-08 -3.8961643e-09
     116.924 3.9392091e-08 -1.2048725e-08
         120 3.8661305e-08 -1.2958365e-08