   71.957169 -5.5387911e-08 -4.1773625e-08
    77.95192 -7.7125812e-08 2.791224e-08
   84.446091 -2.2022641e-08 4.1602039e-08
     91.4813 -1.4529816e-08 3.2895731e-08
   99.102608 2.8979155e-09 3.9463586e-08
   107.35884 2.4292151e-08 2.9334064e-08
   116.30291 3.5767439e-08 1.1039262e-08
    125.9921 3.8210523e-08 -6.2793353e-09
   136.48851 3.4560209e-08 -1.9719936e-08
   147.85936 2.1033419e-08 -2.9722887e-08
   160.17754 1.419688e-08 -3.316914e-08
   173.52193 1.0005967e-08 -3.5190919e-08
   187.97803 3.2059155e-09 -3.7380286e-08
   203.63849 -7.3256484e-10 -3.933285e-08
   220.60361 -5.7704086e-09 -4.1328565e-08
    238.9821 -1.1934847e-08 -4.2754497e-08
   258.89169 -2.0277737e-08 -4.3591797e-08
   280.45996 -2.8658084e-08 -4.3405336e-08
   303.82507 -3.6711384e-08 -4.1586564e-08
   329.13675 -4.5570651e-08 -3.287813e-08
   356.55713 -5.3389829e-08 -2.6676508e-08
    386.2619 -5.9533416e-08 -1.8404394e-08
   418.44141 -6.4101016e-08 -5.6348148e-09
   453.30176 -6.406156e-08 3.9520347e-09
   491.06631 -6.1868811e-08 1.7125204e-08
   531.97705 -5.5573238e-08 2.6680116e-08
   576.29608 -4.8415107e-08 3.5391352e-08
   624.30731 -3.9966206e-08 3.9068091e-08
   676.31836 -3.1493759e-08 4.2211202e-08
   732.66241 -2.3952447e-08 4.2663341e-08
    793.7005 -1.644251e-08 4.3962448e-08
   859.82373 -1.0319167e-08 4.2608669e-08
   931.45563 -4.8432316e-09 4.0313136e-08
   1009.0552 1.3405332e-10 3.8856356e-08
   1093.1196 3.5398138e-09 3.4793366e-08
   1184.1874 7.9857907e-09 3.4078514e-08
    1282.842 1.1939532e-08 3.2040926e-08
   1389.7157  1.49969e-08 2.9474361e-08
   1505.4928 1.8589953e-08 2.6850365e-08
   1630.9155 2.2249514e-08 2.4434815e-08
    1766.787 2.5823539e-08 2.1031083e-08
    1913.978 3.0778896e-08 1.7028166e-08
   2073.4316 3.7198724e-08 1.0929818e-08
   2246.1692 4.3474738e-08 1.3542223e-09
   2433.2976 4.5595755e-08 -1.4885228e-08
   2636.0156 3.9220353e-08 -3.6767652e-08
   2855.6221 1.7233724e-08 -4.7745736e-08
   3093.5239 -2.9547809e-09 -4.7029317e-08
   3351.2454 -2.1883826e-08 -4.0671789e-08
   3630.4377 -3.3647716e-08 -3.1370824e-08
   3932.8894 -5.1173682e-08 -1.4765523e-08
   4260.5386 -5.4362683e-08 2.4797794e-08
   4615.4839 -2.0136742e-08 4.8729508e-08
        5000 1.5241708e-08 5.1854212e-08