          20 8.0951736e-08 6.9520212e-07
   20.526152 -9.8656051e-07 -1.2778695e-06
   21.066147 -5.648069e-07 -3.0870464e-07
   21.620346 2.0093591e-08 5.9606478e-08
   22.189127 -4.1939177e-09 -2.8356072e-07
   22.772869 3.9104572e-07 -8.2958996e-07
   23.371969 -3.1374473e-08 -5.5713855e-07
   23.986832 1.6747454e-07 1.2125609e-07
   24.617868 -4.4967868e-07 -8.8545198e-09
   25.265505 -2.1168742e-07 -1.4922824e-07
    25.93018 -2.6478037e-07 -1.9582741e-07
   26.612341 -3.2271677e-07 -1.4987262e-07
   27.312449 -4.4454211e-07 1.8508335e-07
   28.030975 -4.3140685e-07 1.4677212e-07
   28.768404 -8.6576463e-08 2.8344533e-07
   29.525232 1.6257562e-07 5.4300517e-07
    30.30197 1.6753503e-07  1.42922e-07
   31.099142 9.3683077e-08 1.9227663e-07
   31.917288 9.5768824e-09 2.8748801e-07
   32.756954 4.307768e-08 1.7997219e-07
   33.618713 6.7515231e-08 1.4971731e-07
   34.503139 4.0792109e-08 5.0075119e-08
   35.410835 -4.4777011e-08 -4.3102459e-09
   36.342411 -2.4975746e-08 1.5483839e-07
   37.298492 1.8450224e-09 1.7169387e-07
   38.279728 6.0721312e-08 2.8545651e-07
   39.286777 1.6647081e-07 2.7631367e-07
    40.32032 2.555557e-07 2.5760181e-07
    41.38105 3.1707302e-07 2.0883037e-07
   42.469688 3.8180519e-07 1.1483436e-07
   43.586964 4.0736816e-07 1.8254905e-09
   44.733635 4.0476257e-07 -1.3598273e-07
   45.910469 3.5374512e-07 -2.0705203e-07
   47.118263 2.5188581e-07 -2.9908048e-07
   48.357834 1.3849538e-07 -3.0291076e-07
   49.630013 8.3414243e-08 -2.687469e-07
   50.935661 7.4289972e-08 -2.7603252e-07
   52.275658 1.4878344e-09 -3.1394151e-07
   53.650906 -1.1057086e-07 -3.0166134e-07
   55.062332 -1.8242035e-07 -2.0381106e-07
   56.510895 -1.7293094e-07 -1.05509e-07
   57.997559 -1.7254727e-07 -7.6573919e-08
   59.523338 -1.4325694e-07 -3.6417728e-08
   61.089256 -1.0603119e-07 -1.4443401e-08
   62.696369 -7.1630339e-08 -1.7923266e-09
   64.345764 -5.9212024e-08 -1.3439069e-08
   66.038544 -6.1462558e-08 -1.7577385e-08
   67.775864 -5.8636115e-08 -1.5558056e-08
   69.558884 -5.2475166e-08 -2.4607097e-08
   71.388809 -6.1427315e-08 -3.0201299e-08
   73.266884 -8.6891298e-08 -3.0321392e-08
   75.194359 -9.6543324e-08 -2.7961107e-09
   77.172546 -9.1971273e-08 2.5404617e-08
   79.202774 -7.7450345e-08 4.4130783e-08
   81.286407 -5.8982472e-08 5.0565315e-08
   83.424858 -3.872449e-08 5.2663328e-08
   85.619568 -2.8641074e-08 4.3242153e-08
   87.872017 -3.0317221e-08 4.2403745e-08
   90.183723 -2.5994749e-08 4.0516085e-08
   92.556236 -2.0686352e-08 4.4725237e-08
   94.991173 -1.6853804e-08 4.664178e-08
   97.490166 -8.335884e-09 4.8497427e-08
    100.0549 -1.4626333e-09 4.8643241e-08
   102.68711 6.7786745e-09 4.8412272e-08
   105.38856 1.4439216e-08 4.2666876e-08
   108.16109 1.9686759e-08 4.457636e-08
   111.00655 2.4928127e-08 3.3839026e-08
   113.92686 2.8327435e-08 2.7669664e-08
     116.924 2.9092154e-08 2.4450634e-08
         120 3.1458537e-08 1.8634573e-08