    77.95192 -8.8448047e-08 3.133432e-08
   84.446091 -3.3533397e-08 4.8690552e-08
     91.4813 -2.43966e-08 3.7097916e-08
   99.102608 -3.7627217e-09 4.9319155e-08
   107.35884 1.5914761e-08 4.1564309e-08
   116.30291 3.4269391e-08 2.5502423e-08
    125.9921 3.8009635e-08 8.5218028e-09
   136.48851 3.2566977e-08 -5.7995662e-09
   147.85936 2.7137691e-08 -1.5230794e-08
   160.17754 1.9894648e-08 -2.0601338e-08
   173.52193 1.5167554e-08 -2.3571417e-08
   187.97803 9.9421493e-09 -2.7182521e-08
   203.63849 5.8570566e-09 -3.0254498e-08
   220.60361 2.0581306e-09 -3.2372931e-08
    238.9821 -4.2368131e-09 -3.5855599e-08
   258.89169 -1.0435032e-08 -3.6032599e-08
   280.45996 -1.8905356e-08 -3.6948503e-08
   303.82507 -2.7699656e-08 -3.5875768e-08
   329.13675 -3.5350421e-08 -2.9270202e-08
   356.55713 -3.7571237e-08 -2.398707e-08
    386.2619 -4.5713481e-08 -1.8621311e-08
   418.44141 -4.9341295e-08 -8.8874357e-09
   453.30176 -5.148123e-08 1.9694413e-10
   491.06631 -4.9413767e-08 1.0041814e-08
   531.97705 -4.4807003e-08 1.8005718e-08
   576.29608 -3.8552265e-08 2.4899375e-08
   624.30731 -3.2841218e-08 2.9477922e-08
   676.31836 -2.6338748e-08 3.1409524e-08
   732.66241 -2.0238851e-08 3.3203893e-08
    793.7005 -1.4737325e-08 3.3161545e-08
   859.82373 -9.374487e-09 3.2366152e-08
   931.45563 -4.8441353e-09 3.2291759e-08
   1009.0552 -7.9255819e-10 3.0749149e-08
   1093.1196 2.1842459e-09 2.8494968e-08
   1184.1874 5.4526348e-09 2.7091634e-08
    1282.842 8.2920071e-09 2.5576744e-08
   1389.7157 1.0923817e-08 2.4149832e-08
   1505.4928 1.3515892e-08 2.1454646e-08
   1630.9155 1.6987343e-08 1.9997493e-08
    1766.787 2.0538971e-08 1.7615941e-08
    1913.978 2.4221313e-08 1.4417472e-08
   2073.4316 2.8010733e-08 9.7277173e-09
   2246.1692 3.3267884e-08 2.5357958e-09
   2433.2976 3.6463231e-08 -1.0191783e-08
   2636.0156 3.1087591e-08 -2.6407665e-08
   2855.6221 1.5470905e-08 -3.7669306e-08
   3093.5239 6.5610523e-10 -3.5448409e-08
   3351.2454 -1.5857008e-08 -3.3061955e-08
   3630.4377 -2.4216179e-08 -2.6042299e-08
   3932.8894 -3.9470528e-08 -1.4733319e-08
   4260.5386 -4.5562015e-08 1.6765602e-08
   4615.4839 -1.9836325e-08 4.0342726e-08
        5000 1.004983e-08  4.29275e-08