          20 -6.1095716e-07 1.0338343e-06
   21.666201 7.935065e-07 -9.8558564e-07
    23.47121 3.4498452e-08 -7.6671091e-07
   25.426598 -5.078341e-07 -7.2626693e-07
   27.544888 -6.0252455e-07 -1.5336049e-08
   29.839653 -4.4408385e-08 4.0598024e-07
   32.325596 7.2806614e-08 2.8485692e-07
   35.018639 1.9041519e-08 1.8909688e-07
   37.936043 5.5131078e-08 3.2123646e-07
   41.096493 3.4944111e-07 2.2399256e-07
   44.520245 4.6742886e-07 -1.1892729e-07
   48.229225 1.6907318e-07 -3.7581057e-07
   52.247204 1.4903362e-08 -3.890996e-07
   56.599918 -2.0578392e-07 -1.683245e-07
   61.315258 -1.2891238e-07 -2.5749305e-08
   66.423431 -9.0937952e-08 -3.7715036e-08
   71.957169 -1.0527825e-07 -4.4714771e-08
    77.95192 -1.2471952e-07 3.4617834e-08
   84.446091 -6.4978622e-08 5.8015079e-08
     91.4813 -4.7835687e-08 5.967977e-08
   99.102608 -2.3552298e-08 6.7909383e-08
   107.35884 4.6884052e-09 6.1496486e-08
   116.30291 2.7139182e-08 4.3562814e-08
    125.9921 3.1402489e-08 2.3640409e-08
   136.48851 3.1619003e-08 8.6810328e-09
   147.85936 2.7366777e-08 -2.3790849e-09
   160.17754 2.2326411e-08 -9.6444657e-09
   173.52193 1.7311971e-08 -1.3974184e-08
   187.97803 1.3418564e-08 -1.74502e-08
   203.63849 1.0526223e-08 -2.2041288e-08
   220.60361 6.9390578e-09 -2.3908147e-08
    238.9821 2.2339197e-09 -2.8412909e-08
   258.89169 -4.3702308e-09 -3.1219674e-08
   280.45996 -1.295071e-08 -3.3917573e-08
   303.82507 -2.0969111e-08 -3.4500566e-08
   329.13675 -2.8302042e-08 -2.8144331e-08
   356.55713 -3.3784278e-08 -2.2905034e-08
    386.2619 -4.2280313e-08 -1.8162241e-08
   418.44141 -4.6004843e-08 -1.0699089e-08
   453.30176 -4.7400647e-08 1.1860487e-09
   491.06631 -4.6839119e-08 9.828943e-09
   531.97705 -4.3928786e-08 1.7752784e-08
   576.29608 -3.6486352e-08 2.3455256e-08
   624.30731 -3.1515402e-08 2.7970094e-08
   676.31836 -2.5364676e-08 3.0196919e-08
   732.66241 -1.9241062e-08 3.0487502e-08
    793.7005 -1.4337085e-08 3.1415695e-08
   859.82373 -8.9035481e-09 3.1963847e-08
   931.45563 -4.7374176e-09 3.0155725e-08
   1009.0552 -9.1158808e-10 2.8963708e-08
   1093.1196 2.359887e-09 2.7982848e-08
   1184.1874 5.2455733e-09 2.5780924e-08
    1282.842 7.8383131e-09 2.4010872e-08
   1389.7157 1.0437507e-08 2.2284228e-08
   1505.4928 1.296184e-08 2.0748265e-08
   1630.9155 1.6348658e-08 1.9321559e-08
    1766.787 1.7908148e-08 1.6177884e-08
    1913.978 2.279668e-08 1.4043169e-08
   2073.4316 2.768601e-08 9.8096935e-09
   2246.1692 3.0570689e-08 2.5734861e-09
   2433.2976 3.3690132e-08 -8.4625995e-09
   2636.0156 2.9558148e-08 -2.3489465e-08
   2855.6221 1.5279491e-08 -3.6080106e-08
   3093.5239 7.6271156e-10 -3.6103511e-08
   3351.2454 -1.4347712e-08 -3.0544804e-08
   3630.4377 -2.1997678e-08 -2.5165647e-08
   3932.8894 -3.6929528e-08 -1.5296242e-08
   4260.5386 -4.456205e-08 1.4952812e-08
   4615.4839 -2.0541556e-08 3.9521264e-08
        5000 8.7177092e-09 4.2801918e-08