   99.102608 1.4247072e-08 1.7613946e-08
   107.35884 2.6571191e-08 1.4331598e-08
   116.30291 3.2918724e-08 1.0871782e-10
    125.9921 3.1588627e-08 -1.1407977e-08
   136.48851 2.5072895e-08 -2.0311001e-08
   147.85936 2.0880602e-08 -2.3818288e-08
   160.17754 1.3097577e-08 -2.5960933e-08
   173.52193 8.8807131e-09 -2.5891977e-08
   187.97803 6.0465442e-09 -2.4998625e-08
   203.63849 3.0764056e-09 -2.5814062e-08
   220.60361 1.0438722e-09 -2.5894826e-08
    238.9821 -2.6412403e-09 -2.7540349e-08
   258.89169 -6.6976424e-09 -2.7961848e-08
   280.45996 -1.0905646e-08 -2.7253478e-08
   303.82507 -1.6015004e-08 -2.6798554e-08
   329.13675 -2.008532e-08 -2.1314312e-08
   356.55713 -2.2793309e-08 -1.7139707e-08
    386.2619 -2.7307847e-08 -1.4584014e-08
   418.44141 -2.9433084e-08 -9.0307148e-09
   453.30176 -3.0787728e-08 -2.3784295e-09
   491.06631 -2.9639727e-08 3.9464263e-09
   531.97705 -2.6166786e-08 7.8335542e-09
   576.29608 -2.3389871e-08 1.2518805e-08
   624.30731 -1.9695394e-08 1.5178125e-08
   676.31836 -1.5906659e-08 1.7359445e-08
   732.66241 -1.2481592e-08 1.7147576e-08
    793.7005 -9.0635819e-09 1.7969239e-08
   859.82373 -6.3234795e-09 1.777412e-08
   931.45563 -3.8214911e-09 1.7101815e-08
   1009.0552 -1.6601551e-09 1.6495184e-08
   1093.1196 1.9836353e-10 1.5634502e-08
   1184.1874 1.712568e-09 1.4422146e-08
    1282.842 3.4312815e-09 1.3981189e-08
   1389.7157 4.4458468e-09 1.241657e-08
   1505.4928 5.8608842e-09 1.1668241e-08
   1630.9155 7.8485458e-09 1.1240684e-08
    1766.787 9.7432924e-09 1.0104681e-08
    1913.978 1.1802803e-08 8.7774303e-09
   2073.4316 1.4769689e-08 6.8918355e-09
   2246.1692 1.7473489e-08 3.2375456e-09
   2433.2976 2.0073999e-08 -3.090479e-09
   2636.0156 1.8070045e-08 -1.1565808e-08
   2855.6221 1.0877594e-08 -1.762738e-08
   3093.5239 4.2519979e-09 -1.8415056e-08
   3351.2454 -4.9587916e-09 -2.0270448e-08
   3630.4377 -1.0535798e-08 -1.6548714e-08
   3932.8894 -2.0475573e-08 -1.3136241e-08
   4260.5386 -2.8256501e-08 3.7295309e-09
   4615.4839 -1.6882852e-08 2.2054872e-08
        5000 1.2185283e-09 2.5574334e-08