    77.95192 -1.7500065e-08 1.5348723e-08
   84.446091 2.2325715e-08 2.0923434e-08
     91.4813 1.3799951e-08 4.8734665e-09
   99.102608 2.0720016e-08 1.0122395e-08
   107.35884 3.1916816e-08 8.5459702e-09
   116.30291 4.0695888e-08 -7.602222e-09
    125.9921 4.0410313e-08 -1.6748659e-08
   136.48851 3.0767648e-08 -2.7056679e-08
   147.85936 2.3577574e-08 -3.1111554e-08
   160.17754 1.5240207e-08 -3.2772068e-08
   173.52193 1.0027447e-08 -3.2085573e-08
   187.97803 6.051335e-09 -3.1035356e-08
   203.63849 1.6815696e-09 -3.1198663e-08
   220.60361 -3.2063483e-09 -3.1412473e-08
    238.9821 -6.2326406e-09 -3.1527993e-08
   258.89169 -9.3323251e-09 -3.2526771e-08
   280.45996 -1.2813238e-08 -3.209038e-08
   303.82507 -1.8816145e-08 -3.0969122e-08
   329.13675 -2.3955602e-08 -2.4739544e-08
   356.55713 -2.703408e-08 -2.0756987e-08
    386.2619 -3.2134789e-08 -1.6049224e-08
   418.44141 -3.3656438e-08 -9.1312353e-09
   453.30176 -3.497702e-08 -3.3947916e-09
   491.06631 -3.3496896e-08 3.5070502e-09
   531.97705 -3.157491e-08 1.0676705e-08
   576.29608 -2.6514414e-08 1.4084651e-08
   624.30731 -2.3421908e-08 1.9020534e-08
   676.31836 -1.8421195e-08 2.0826489e-08
   732.66241 -1.4189857e-08 2.115071e-08
    793.7005 -1.0370289e-08 2.0077188e-08
   859.82373 -7.4131132e-09 1.9714946e-08
   931.45563 -4.3677777e-09 1.9080741e-08
   1009.0552 -1.7810675e-09 1.7858055e-08
   1093.1196 3.4988493e-10 1.7506897e-08
   1184.1874 2.2861084e-09 1.6683915e-08
    1282.842 4.2119068e-09 1.5751485e-08
   1389.7157 5.6934626e-09 1.4693839e-08
   1505.4928 7.3649349e-09 1.3641396e-08
   1630.9155 9.3333883e-09 1.2656647e-08
    1766.787 1.1257165e-08 1.1231399e-08
    1913.978 1.4132417e-08 1.0176381e-08
   2073.4316 1.6355935e-08 7.1427135e-09
   2246.1692 2.0192406e-08 2.8629845e-09
   2433.2976 2.1770505e-08 -4.1980348e-09
   2636.0156 1.8629841e-08 -1.3051253e-08
   2855.6221 1.1404154e-08 -2.0767905e-08
   3093.5239 2.7721567e-09 -2.1674573e-08
   3351.2454 -8.3221492e-09 -2.1904013e-08
   3630.4377 -1.2324063e-08 -1.662772e-08
   3932.8894 -2.0798391e-08 -1.1499022e-08
   4260.5386 -2.8627968e-08 6.4643206e-09
   4615.4839 -1.510799e-08 2.3063231e-08
        5000 3.2388987e-09 2.7369122e-08