          20 7.4897294e-08 -5.0128335e-07
   20.526152 -1.1361301e-07 -4.2602261e-07
   21.066147 5.1194786e-07 5.845643e-07
   21.620346 2.9346322e-07 2.2087043e-07
   22.189127 1.9086642e-07 -9.148571e-08
   22.772869 1.0346159e-07 -3.9081138e-07
   23.371969 2.9576159e-07 -2.9654217e-07
   23.986832 2.0926279e-07 -2.0602225e-07
   24.617868 -6.1718254e-08 -6.8250336e-07
   25.265505 -3.5477902e-07 -4.7354007e-07
    25.93018 -5.5041033e-07 -4.671906e-07
   26.612341 -5.6332448e-07 -3.1977197e-07
   27.312449 -6.774323e-07 -5.2054112e-08
   28.030975 -6.4451314e-07 1.4520624e-07
   28.768404 -6.0143594e-07 2.9472602e-07
   29.525232 -5.2593327e-07 5.5947089e-07
    30.30197 -3.1108038e-07 5.153064e-07
   31.099142 -1.0972474e-07 4.5734251e-07
   31.917288 1.1598297e-07 4.8245988e-07
   32.756954 1.4704912e-07 3.6232052e-07
   33.618713 1.7897035e-07 2.0505149e-07
   34.503139 6.9529108e-08 1.0582228e-07
   35.410835 -2.0386124e-09 8.9307122e-08
   36.342411 -9.9161156e-08 2.5786852e-07
   37.298492 -8.0124671e-09 3.0885477e-07
   38.279728 6.1456348e-08 3.4629088e-07
   39.286777 1.744036e-07 3.7655008e-07
    40.32032 2.8328049e-07 3.5644365e-07
    41.38105 3.7314041e-07 2.7014576e-07
   42.469688 4.3883458e-07 1.7031326e-07
   43.586964 4.7526373e-07 4.8633439e-08
   44.733635 4.6204318e-07 -7.8423561e-08
   45.910469 3.9445922e-07 -2.0110588e-07
   47.118263 2.9482462e-07 -2.8597162e-07
   48.357834 1.6587678e-07 -2.9827851e-07
   49.630013 9.3946703e-08 -2.5560269e-07
   50.935661 8.8436714e-08 -2.4689308e-07
   52.275658 2.3296508e-08 -3.0315871e-07
   53.650906 -1.1006949e-07 -2.8088721e-07
   55.062332 -1.8404171e-07 -1.6021011e-07
   56.510895 -1.61275e-07 -6.4462505e-08
   57.997559 -1.3332794e-07 -1.5803343e-08
   59.523338 -9.8900991e-08 2.8510362e-08
   61.089256 -6.2988676e-08 4.5425871e-08
   62.696369 -1.6395905e-08 4.6416716e-08
   64.345764 6.277332e-09 3.0243562e-08
   66.038544 1.1048276e-08 1.5367929e-08
   67.775864 1.6327613e-08 6.8152279e-09
   69.558884 2.2355284e-08 -6.2338477e-09
   71.388809 1.1341513e-08 -2.8971046e-08
   73.266884 -1.2484978e-08 -2.9710462e-08
   75.194359 -3.052212e-08 -9.5984793e-09
   77.172546 -2.9198739e-08 1.4043014e-08
   79.202774 -1.4177326e-08 2.8107838e-08
   81.286407 3.2378298e-09 3.458608e-08
   83.424858 1.9101002e-08 3.0965587e-08
   85.619568 2.5331429e-08 1.9618701e-08
   87.872017 2.1341844e-08 9.1858192e-09
   90.183723 2.0141821e-08 7.7956619e-09
   92.556236 1.8147935e-08 7.6528073e-09
   94.991173 2.0197213e-08 1.448134e-08
   97.490166 2.3204326e-08 1.4234361e-08
    100.0549 2.7215496e-08 1.3272217e-08
   102.68711 3.0273906e-08 1.1290171e-08
   105.38856 3.5271142e-08 7.455335e-09
   108.16109 3.7862776e-08 5.0467022e-09
   111.00655 4.0373852e-08 7.0790718e-10
   113.92686 4.1981853e-08 -3.9657571e-09
     116.924 4.0834944e-08 -1.0371315e-08
         120 4.1019998e-08 -1.4721524e-08