   99.102608 2.5349763e-08 1.4167441e-08
   107.35884 3.6958262e-08 7.8401978e-09
   116.30291 4.3931724e-08 -6.4160162e-09
    125.9921 4.0144915e-08 -1.9665809e-08
   136.48851 2.9480706e-08 -2.9648819e-08
   147.85936 2.1011575e-08 -3.2977816e-08
   160.17754 1.2030312e-08 -3.2529925e-08
   173.52193 5.5968314e-09 -2.9147312e-08
   187.97803 4.1452528e-10 -2.7549342e-08
   203.63849 -1.1234915e-09 -2.4951021e-08
   220.60361 -1.6728437e-10 -2.4650722e-08
    238.9821 -2.6377871e-09 -2.5497503e-08
   258.89169 -8.0818658e-09 -2.3935302e-08
   280.45996 -9.6336725e-09 -2.5440114e-08
   303.82507 -1.2216868e-08 -2.3950308e-08
   329.13675 -1.6559538e-08 -1.9841803e-08
   356.55713 -1.8029331e-08 -1.6792121e-08
    386.2619 -2.1005977e-08 -1.2583357e-08
   418.44141 -2.3433948e-08 -8.4913268e-09
   453.30176 -2.4917185e-08 -3.8793666e-09
   491.06631 -2.3089223e-08 5.7753813e-10
   531.97705 -2.0694642e-08  3.50431e-09
   576.29608 -1.8640852e-08 7.4137705e-09
   624.30731 -1.4024597e-08 8.6398719e-09
   676.31836 -1.2428077e-08 1.0906801e-08
   732.66241 -9.6855741e-09 1.154538e-08
    793.7005 -7.3003439e-09 1.1986981e-08
   859.82373 -5.6687428e-09 1.2208751e-08
   931.45563 -3.5192393e-09 1.1707887e-08
   1009.0552 -2.1955695e-09 1.1960599e-08
   1093.1196 -3.0078881e-10 1.1178115e-08
   1184.1874 6.9949707e-10 9.8670689e-09
    1282.842 1.8936142e-09 9.1249275e-09
   1389.7157 3.2405425e-09 9.7096322e-09
   1505.4928 3.8790673e-09 8.3676319e-09
   1630.9155 5.6436424e-09 8.2812202e-09
    1766.787 6.6384822e-09 7.3939916e-09
    1913.978 7.2031079e-09 5.9378018e-09
   2073.4316 9.6554436e-09 4.5978021e-09
   2246.1692 1.2299385e-08 2.0215174e-09
   2433.2976 1.4564989e-08 -2.4962805e-09
   2636.0156 1.194582e-08 -7.58601e-09
   2855.6221 6.8141612e-09 -1.1902237e-08
   3093.5239 1.9583657e-09 -1.49344e-08
   3351.2454 -5.8762106e-09 -1.3872685e-08
   3630.4377 -8.5449585e-09 -1.1299404e-08
   3932.8894 -1.4279645e-08 -7.501221e-09
   4260.5386 -1.8100115e-08 4.6108539e-09
   4615.4839 -8.9233669e-09 1.4919079e-08
        5000 2.591755e-09 1.6180808e-08