          20 -0.001732494 -0.0008145204
   21.147139 -0.00041161673 0.0018869527
   22.360073 0.00097210356 0.0018318222
   23.642578 0.0021784375 0.0010537661
   24.998644 0.0032108745 -0.00081267662
   26.432489 0.00089372223 -0.0030548726
   27.948576 -0.0011242944 -0.0042249579
    29.55162 -0.0052135186 -0.000695795
   31.246611 -0.00069382734 0.0036176671
   33.038822 0.00090417278 0.0010481169
   34.933826 0.0002035074 0.00022664054
   36.937523 0.00026290971 7.5589087e-05
   39.056145 9.2418843e-05 0.00019458833
   41.296288 0.00014287398 5.9774648e-05
   43.664917 0.00020903326 -0.00011510901
   46.169399 8.4421103e-05 -0.00023981072
   48.817535 -0.00012440844 -0.00024281358
   51.617561 -0.00018841174 -0.00020690508
   54.578186 -0.00038825508 -7.4639582e-05
   57.708622 -0.00036116896 7.6974065e-05
   61.018612 -0.00025641677 0.00019267361
   64.518456 -0.00018872073 0.00022417374
   68.219032 -0.00014043041 0.00027005869
   72.131866 -0.00011802635 0.00024518458
   76.269127 -9.0814428e-05 0.00032883088
   80.643692 4.1523654e-05 0.00035415133
   85.269165 0.00010178631 0.0003215161
   90.159943 0.00016664871 0.00027857185
   95.331245 0.00021304017 0.00025637241
   100.79915 0.00029827803 0.0002295342
   106.58068 0.00033877578 0.00015533545
   112.69382 0.00036657197 8.1770646e-05
   119.15759 0.00037534218 -1.4730455e-05
    125.9921 0.00034881596 -9.3024304e-05
   133.21863 0.0003012417 -0.00016103654
   140.85963 0.00025496003 -0.00021379077
   148.93892 0.00020065965 -0.00023977453
    157.4816 0.00012950078 -0.00025184959
   166.51425 9.8092329e-05 -0.00026997022
     176.065 5.1670511e-05 -0.00024219236
   186.16354 1.8641733e-05 -0.0002781568
   196.84132 -2.0548248e-05 -0.00026862076
   208.13153 -4.4596636e-05 -0.00025592968
   220.06932 -0.00010746891 -0.00025721604
   232.69182 -0.00017540735 -0.00024223357
    246.0383 -0.00024975499 -0.0002013952
    260.1503 -0.00028060446 -0.0001544406
   275.07172 -0.00032365305 -7.5311065e-05
     290.849 -0.00034846325 1.6808483e-05
   307.53122 -0.00032837733 0.00013322642
   325.17026 -0.00024457424 0.00025122191
   343.82101 0.00015286253 0.00046163372
   363.54153 -0.00012207116 0.0003254624
   384.39316 6.4157434e-06 0.00033503922
   406.44077 0.00012710634 0.00032090471
   429.75296 0.00021211419 0.00023966323
   454.40228 0.0003009467 0.00012826829
   480.46539 0.00033143142 4.8128018e-06
   508.02344 0.00028850129 -0.00012812443
   537.16211 0.00019857124 -0.0002229914
   567.97205 7.8800564e-05 -0.00027827171
   600.54919 -4.9409231e-05 -0.00025643231
   634.99487 -0.00016456096 -0.00020379688
    671.4162 -0.00022262037 -9.307413e-05
   709.92657 -0.00023185731 3.0027868e-05
   750.64581 -0.00017667623 0.00013741686
    793.7005 -6.3130472e-05 0.00018739288
   839.22473 4.961366e-05 0.00019347538
   887.36011 0.00014330065 0.00011704658
   938.25635 0.00017262096 6.7150313e-06
   992.07184 0.00013954821 -0.00010444396
   1048.9741 3.2104224e-05 -0.0001553022
     1109.14 -7.6220145e-05 -0.0001299763
   1172.7568 -0.00014760326 -3.351277e-05
   1240.0226 -0.00011614274 7.9428246e-05
   1311.1465 -1.0527298e-05 0.00013925157
   1386.3499 0.00010197883 8.9431182e-05
   1465.8666 0.00013872259 -3.7389156e-05
   1549.9442 3.4914694e-05 -0.00012673506
   1638.8442 -9.9643366e-05 -8.8535548e-05
   1732.8433 -0.00012084953 5.7660574e-05
   1832.2339 1.5239319e-05 0.00013006451
   1937.3252 0.00014518182 1.7431714e-05
   2048.4443 4.1811978e-05 -0.00014900841
   2165.9368 -0.00015892462  -5.8391e-05
   2290.1682 -4.9441751e-05 0.00016874816
   2421.5251 0.00017787857 2.1961183e-05
   2560.4165 -3.322152e-05 -0.00018392107
   2707.2742 -0.00016862011 0.00011772976
   2862.5549 0.0001817146 8.4296793e-05
   3026.7424 -4.0968804e-05 -0.00018278095
   3200.3469 -0.00010702228 0.00013389066
   3383.9092 0.00016750001 -1.250678e-05
   3577.9998 -0.00013344968 -8.6656866e-05
   3783.2229 7.8967583e-05 0.00015986485
   4000.2168 -5.5117631e-05 -0.00019975526
   4229.6572 6.5778637e-05 0.00020626173
   4472.2573 -9.5666641e-05 -0.00016472269
    4728.772 0.00012486867 0.00011621642
        5000 -0.00014442595 -4.4469278e-05