          20 -0.0012267896 -0.00065561302
   22.110233 0.00051954982 0.0011485175
   24.443121 0.0012984308 0.00046250198
   27.022156 0.00079333462 -0.0017311838
   29.873308 -0.0029490145 -0.00048979325
   33.025291 0.00056365167 0.00077856408
   36.509846 4.4940392e-05 0.00014485673
   40.362061 -5.8827513e-06 0.00027728573
   44.620728 0.00025193411 4.5113207e-05
   49.328735 0.00012172879 -5.410632e-05
   54.533493 5.1608866e-05 -5.4423661e-05
   60.287415 0.00016872672 -2.9836739e-05
   66.648438 0.00017009168 -0.00023335054
   73.680634 -5.7766971e-05 -0.00032328593
   81.454796 -0.00012908268 -0.00021201867
   90.049232 -0.0002124992 -0.00016911193
   99.550476 -0.00021601666 -5.7315265e-05
   110.05421 -0.00019365492 -4.8605943e-05
   121.66621 -0.00018512439 -5.855101e-05
   134.50342 -0.00024172147 -1.2641223e-05
    148.6951 -0.0002840017 8.9100962e-05
   164.38417 -0.00025981083 0.00021556159
   181.72862 -0.00012680085 0.00032224625
   200.90311 -3.386396e-06 0.00034118892
   222.10074 0.00011027754 0.00030121661
   245.53496 0.00021464063 0.00025113526
   271.44177 0.00028230072 0.00016844684
   300.08203 0.00037692167 9.2096205e-05
    331.7442 0.00036685279 -0.0001067384
   366.74707 0.00024130594 -0.00038756407
   405.44318 -9.4219308e-07 -0.00051793695
   448.22217 -0.00029102128 -0.00037417054
   495.51483 -0.00049372151 -7.2744057e-05
   547.79742 -0.00036345213 0.00027199712
    605.5965 -3.0663268e-05 0.00044940528
   669.49396 0.00030189054 0.00027724338
   740.13342 0.00040395628 -0.00010654336
   818.22614 9.5191026e-05 -0.00036697564
   904.55853 -0.00027293072 -0.00022316529
        1000 -0.00027973394 0.00018071318