          20 4.2380529e-07 3.4902408e-07
   20.526152 2.2037823e-06 -1.1537068e-06
   21.066147 4.6535256e-08 5.1304147e-07
   21.620346 2.121982e-07 4.3623345e-08
   22.189127 -7.2513139e-08 -1.8300888e-07
   22.772869 -1.5315651e-07 -1.1084404e-08
   23.371969 -2.5532964e-07 -2.6077251e-07
   23.986832 -9.9917287e-08 -2.2786253e-07
   24.617868 -1.2028177e-07 -4.8316377e-07
   25.265505 -1.7922419e-07 3.4434555e-09
    25.93018 -2.2536402e-10 -7.7040788e-08
   26.612341 -1.9381595e-07 4.1068581e-08
   27.312449 -3.4676387e-07 -1.5221517e-10
   28.030975 -4.2030473e-07 2.9092817e-07
   28.768404 -1.7730167e-07 3.6287889e-07
   29.525232 -9.3434572e-08 4.8606063e-07
    30.30197 5.2116167e-08 2.625371e-07
   31.099142 -6.6688641e-09 1.7872098e-07
   31.917288 -9.1363326e-08 2.0853901e-07
   32.756954 2.0712019e-08 2.1175011e-07
   33.618713 1.5235921e-07 1.0621832e-07
   34.503139 6.0345684e-08 4.631832e-08
   35.410835 -3.2020466e-08 8.2578723e-08
   36.342411 -1.8548009e-08 1.5603231e-07
   37.298492 -1.3401757e-08 1.6126856e-07
   38.279728 6.6585521e-08 2.6373746e-07
   39.286777 1.4970618e-07 2.5894056e-07
    40.32032 2.5135373e-07 2.6261208e-07
    41.38105 3.4315704e-07 1.9864568e-07
   42.469688 3.9381618e-07 8.9044327e-08
   43.586964 4.2346619e-07 -3.7640526e-09
   44.733635 4.0943289e-07 -1.1602037e-07
   45.910469 3.6466241e-07 -2.3455351e-07
   47.118263 2.6788197e-07 -3.0381318e-07
   48.357834 1.4735073e-07 -3.2602438e-07
   49.630013 6.9408301e-08 -3.0525683e-07
   50.935661 7.3371268e-08 -2.9680183e-07
   52.275658 2.8438982e-10 -3.3693632e-07
   53.650906 -1.140697e-07 -3.2809135e-07
   55.062332 -1.8701817e-07 -2.139172e-07
   56.510895 -1.8049668e-07 -1.3210219e-07
   57.997559 -1.6995816e-07 -9.9825385e-08
   59.523338 -1.6083007e-07 -5.9383002e-08
   61.089256 -1.2735302e-07 -5.3702989e-09
   62.696369 -1.1346275e-07 -2.2136831e-08
   64.345764 -8.3875818e-08 -2.5913023e-08
   66.038544 -8.2793825e-08 -2.5535421e-08
   67.775864 -7.839418e-08 -2.3028063e-08
   69.558884 -7.6339916e-08 -2.7647987e-08
   71.388809 -8.4834852e-08 -3.1011293e-08
   73.266884 -1.0586902e-07 -2.7361773e-08
   75.194359 -1.1623662e-07 1.3559228e-09
   77.172546 -1.1173089e-07 2.7134611e-08
   79.202774 -9.5972396e-08 5.1826802e-08
   81.286407 -7.4573897e-08 6.1118541e-08
   83.424858 -5.8499392e-08 6.556597e-08
   85.619568 -4.488265e-08 5.4861857e-08
   87.872017 -4.2265341e-08 4.5863434e-08
   90.183723 -3.9526121e-08 5.1984458e-08
   92.556236 -3.3678877e-08 5.4538983e-08
   94.991173 -2.8248117e-08 5.5964517e-08
   97.490166 -1.9784297e-08 6.1275863e-08
    100.0549 -1.2842515e-08 6.2092184e-08
   102.68711 -2.9085447e-09 6.0629873e-08
   105.38856 7.0889508e-09 5.5149666e-08
   108.16109 1.6572328e-08 5.1965454e-08
   111.00655 2.1719218e-08 5.0729444e-08
   113.92686 2.6128861e-08 4.1265213e-08
     116.924 2.6054847e-08 3.6009691e-08
         120 3.0858246e-08 3.0100832e-08