     91.4813 -9.7011155e-09 2.7556695e-08
   99.102608 2.9600378e-09 3.5002763e-08
   107.35884 1.9505896e-08 2.9259498e-08
   116.30291 3.0185419e-08 1.4249641e-08
    125.9921 2.5490589e-08 -1.3670424e-09
   136.48851 2.2896627e-08 -9.5792005e-09
   147.85936 1.4716015e-08 -1.3528728e-08
   160.17754 9.8877502e-09 -1.3850214e-08
   173.52193 9.1848884e-09 -1.2675242e-08
   187.97803 8.3575209e-09 -1.23918e-08
   203.63849 3.3767527e-09 -1.2634096e-08
   220.60361 3.8842907e-09 -1.4773057e-08
    238.9821 6.7114829e-09 -1.6893965e-08
   258.89169 1.7143222e-09 -1.7649185e-08
   280.45996 -2.1343523e-09 -1.8036404e-08
   303.82507 -5.2529336e-09 -1.7664558e-08
   329.13675 -7.9815337e-09 -1.4929995e-08
   356.55713 -7.5528934e-09 -1.4834437e-08
    386.2619 -1.1948503e-08 -1.2724565e-08
   418.44141 -1.5351585e-08 -1.0942824e-08
   453.30176 -1.6352917e-08 -6.1519647e-09
   491.06631 -1.4740634e-08 -2.7591456e-09
   531.97705 -1.4237131e-08 2.0120083e-09
   576.29608 -1.3918763e-08 4.3889106e-09
   624.30731 -1.1202364e-08 5.4223674e-09
   676.31836 -9.2111678e-09 6.1142789e-09
   732.66241 -8.3484784e-09 6.7306307e-09
    793.7005 -6.1103345e-09 6.9232549e-09
   859.82373 -5.1197766e-09 8.1337825e-09
   931.45563 -3.2415366e-09 7.5893176e-09
   1009.0552 -2.1249933e-09 7.453373e-09
   1093.1196 -1.7082525e-09 7.1255779e-09
   1184.1874 -4.5877949e-10 7.4122144e-09
    1282.842 1.3926195e-10 7.0335124e-09
   1389.7157 1.1303575e-09 6.7444441e-09
   1505.4928 1.9482431e-09 6.5269528e-09
   1630.9155 3.0202087e-09 6.4687531e-09
    1766.787 4.3791344e-09 6.1151466e-09
    1913.978 5.4319975e-09 5.317951e-09
   2073.4316 6.8729058e-09 4.5205235e-09
   2246.1692 8.6953671e-09 3.1965672e-09
   2433.2976 9.9986126e-09  3.61363e-10
   2636.0156 1.0372571e-08 -4.2817985e-09
   2855.6221 7.1036919e-09 -7.9443927e-09
   3093.5239 4.6343565e-09 -8.7540313e-09
   3351.2454 -2.1606847e-09 -1.2037567e-08
   3630.4377 -3.5372938e-09 -9.9756123e-09
   3932.8894 -8.6907672e-09 -9.4751496e-09
   4260.5386 -1.5683858e-08 -1.5645236e-09
   4615.4839 -1.2160312e-08 1.0396409e-08
        5000 -1.721278e-09 1.5162051e-08