   52.247204 5.432187e-05 1.6110125e-05
   56.599918 2.9720204e-05 -2.7977044e-06
   61.315258  5.52952e-06 -2.4018409e-05
   66.423431 1.9618894e-05 1.3227694e-05
   71.957169 1.1107041e-05 1.4238897e-06
    77.95192 1.6913036e-05 -2.1211032e-05
   84.446091 -1.0320828e-06 -1.8037572e-05
     91.4813 -2.3458219e-06 -9.8872415e-06
   99.102608 -1.4156451e-05 -1.5784835e-05
   107.35884 -2.1798707e-05 -1.1046995e-05
   116.30291 -2.8293169e-05 8.5596721e-06
    125.9921 -2.0708707e-05 2.5367208e-05
   136.48851 2.6488647e-07 4.2179701e-05
   147.85936 2.2023652e-05 3.1835549e-05
   160.17754 3.8323833e-05 1.6696253e-05
   173.52193 4.2473464e-05 -8.5208294e-06
   187.97803 3.3071879e-05 -3.2370259e-05
   203.63849 1.6591475e-05 -4.4240722e-05
   220.60361 -4.929575e-06 -3.7767248e-05
    238.9821 -2.6251571e-05 -2.7148137e-05
   258.89169 -2.6294099e-05 -1.3755493e-05
   280.45996 -3.0948908e-05 -4.8330412e-07
   303.82507 -1.8964945e-05 1.0140993e-05
   329.13675 -4.8299142e-05 -2.7345552e-06
   356.55713 2.2981198e-05 2.5211304e-05
    386.2619 -9.230871e-06 1.0071323e-05
   418.44141 -1.3808035e-05 1.9096173e-05
   453.30176 -4.8920842e-06 3.0813757e-05
   491.06631 1.6859058e-05 4.0742234e-05
   531.97705 3.7870355e-05 1.8078903e-05
   576.29608 3.2840177e-05 -1.8571882e-05
   624.30731 2.1068025e-05 -4.138688e-05
   676.31836 -1.2310883e-05 -4.4163688e-05
   732.66241 -5.4527329e-05 -3.6335729e-05
    793.7005 -5.8048914e-05 1.7897348e-05
   859.82373 -2.3963687e-05 6.2604646e-05
   931.45563 3.5903977e-05   6.0494e-05
   1009.0552 6.8921174e-05 -7.8476287e-06
   1093.1196 1.9934165e-05 -6.0590311e-05
   1184.1874 -5.4296175e-05 -5.3944346e-05
    1282.842 -7.2650924e-05 4.1253021e-05
   1389.7157 2.7271235e-05 8.0683698e-05
   1505.4928 0.00010285736 -1.9851808e-05
   1630.9155 -2.7638154e-05 -9.7393247e-05
    1766.787 -0.00010527134 5.0631661e-05
    1913.978 8.4704923e-05 7.4841933e-05
   2073.4316 3.8370759e-05 -0.00014347174
   2246.1692 -0.00014900129 6.6632332e-05
   2433.2976 0.00016953576 1.9558996e-05
   2636.0156 -0.00017445354 -8.1611113e-05
   2855.6221 0.0001528672 7.0088186e-05
   3093.5239 -0.00014223051 -4.0990664e-05
   3351.2454 0.00012660962 -2.320085e-05
   3630.4377 -7.7283345e-05 0.00010802939
   3932.8894 6.0238792e-05 -0.00019062958
   4260.5386 0.00025681226 6.3669257e-05
   4615.4839 6.0124203e-05 0.00027579119
        5000 -0.00022508128 0.00014361022