    40.01749 -4.6864889e-06 -1.7661579e-05
   42.398598 -2.1053391e-05 4.7264235e-05
   44.921387 -4.6822526e-05 9.3270159e-05
   47.594284 3.7741869e-05 4.5492616e-05
   50.426224 1.4885451e-05 3.9403127e-05
    53.42667 6.2866966e-05 2.343808e-05
   56.605648 6.073988e-05 -1.5252226e-05
   59.973778 0.00019838977 5.2578529e-05
    63.54232 1.0025029e-05 -1.1944316e-05
   67.323196 1.1610381e-05 -1.2142021e-05
   71.329041 2.2608403e-05 -7.9510746e-06
   75.573235 3.6302896e-05 -3.5497324e-05
   80.069969 4.9950554e-06 -4.688837e-05
   84.834267 -1.3315891e-05 -3.1597301e-05
    89.88205 -9.6792364e-06 -2.6533082e-05
   95.230186 -1.7332462e-05 -2.8464194e-05
   100.89655 -3.3810815e-05 -2.1774113e-05
   106.90005 -4.5445217e-05 -8.7933777e-06
   113.26079 -4.7415222e-05 1.5415499e-05
         120 -4.4288685e-05 3.5904894e-05