   99.102608 -4.9140799e-06 -9.2659329e-06
   107.35884 -2.0989402e-05 -1.0098761e-05
   116.30291 -1.5914455e-05 6.2729755e-06
    125.9921 -1.5181089e-05 1.2382585e-05
   136.48851 -1.0375581e-06 2.005132e-05
   147.85936 1.4318633e-05 1.8196895e-05
   160.17754 1.938742e-05 6.0738917e-06
   173.52193 2.1495242e-05 -9.5002279e-06
   187.97803 1.2318348e-05 -2.0409732e-05
   203.63849 3.8830001e-07 -2.3837638e-05
   220.60361 -1.4242757e-05 -1.6062657e-05
    238.9821 -1.9204281e-05 -5.578805e-06
   258.89169 -1.2759457e-05 6.1126611e-06
   280.45996 -7.7284976e-06 1.056379e-05
   303.82507 4.2631268e-06 8.570024e-06
   329.13675 -3.0302317e-05 -2.037006e-06
   356.55713 2.956798e-05 4.2944802e-07
    386.2619 -3.9814718e-06 -7.3541901e-06
   418.44141 -1.3100516e-05 -1.4919558e-09
   453.30176 -1.3116433e-05 1.1790595e-05
   491.06631 1.1664677e-09 1.7108907e-05
   531.97705 1.6458707e-05 1.8305374e-05
   576.29608 2.2893302e-05 1.4707186e-06
   624.30731 1.6195178e-05 -1.4461587e-05
   676.31836 -4.2064346e-07 -2.8007693e-05
   732.66241 -2.1332216e-05 -2.1069505e-05
    793.7005 -2.3979203e-05 -1.5364458e-06
   859.82373 -1.6161061e-05 2.3637998e-05
   931.45563 1.029224e-05 2.0588743e-05
   1009.0552 2.5377281e-05 3.5444284e-06
   1093.1196 1.6704993e-05 -2.3620982e-05
   1184.1874 -1.9374198e-05 -2.7201035e-05
    1282.842 -2.7821778e-05 9.0819285e-06
   1389.7157 4.3788041e-06 2.8111312e-05
   1505.4928 2.0133355e-05 -4.6978407e-06
   1630.9155 -6.8477443e-06 -2.23771e-05
    1766.787 -2.5056892e-05 1.0235831e-05
    1913.978 2.1341082e-05 2.6037314e-05
   2073.4316 1.3137655e-05 -3.2979271e-05
   2246.1692 -4.2732445e-05 1.7106269e-05
   2433.2976 4.161309e-05 4.996702e-06
   2636.0156 -5.2952269e-05 -4.0941737e-05
   2855.6221 3.709575e-05 6.2480012e-06
   3093.5239 -3.4348996e-05 -2.4113317e-05
   3351.2454 4.5168847e-05 1.2053601e-05
   3630.4377 -4.8738162e-05 1.5202001e-05
   3932.8894 4.8219565e-05 -6.1669649e-05
   4260.5386 7.1554081e-05 6.2040832e-05
   4615.4839 -3.7106471e-05 8.1494123e-05
        5000 -7.0049158e-05 2.6319332e-05