          20 0.00034954987 -0.00082973635
   21.666201 -1.4978341e-05 -7.5515607e-05
    23.47121 2.2856564e-05 0.00011919466
   25.426598 9.1035115e-05 -1.2757413e-05
   27.544888 6.0244885e-05 5.4486036e-06
   29.839653 -0.00015336172 -2.6755382e-05
   32.325596 -0.0001004621 1.7780743e-05
   35.018639 -5.784327e-05 4.5595949e-05
   37.936043 -0.00012726447 1.1152102e-05
   41.096493 -0.00010742651 0.00013708277
   44.520245 1.0435954e-05 0.00022043669
   48.229225  0.000161052 0.00014505004
   52.247204 0.00021905954 7.8426223e-05
   56.599918 0.00012767981 -8.2644183e-05
   61.315258 3.8741302e-05 -7.0281225e-05
   66.423431 4.0292452e-05 -3.5509125e-05
   71.957169 5.4465789e-05 -3.3328943e-05
    77.95192 1.9966383e-05 -8.9975743e-05
   84.446091 -2.1565464e-05 -5.3981043e-05
     91.4813 -1.5817992e-05 -4.7384081e-05
   99.102608 -3.8167407e-05 -4.1973482e-05
   107.35884 -5.4082117e-05 -2.1324466e-05
   116.30291 -5.8800852e-05 2.1749114e-05
    125.9921 -3.0958421e-05 4.9245955e-05
   136.48851 2.3114687e-06 5.3257249e-05
   147.85936 3.7523303e-05 4.3171796e-05
   160.17754 5.1859413e-05 1.057589e-05
   173.52193 4.1414973e-05 -1.9996727e-05
   187.97803 2.3183775e-05 -3.8806305e-05
   203.63849 -5.4566243e-08 -4.1053958e-05
   220.60361 -1.9072071e-05 -2.8117764e-05
    238.9821 -2.8666538e-05 -1.2179578e-05
   258.89169 -2.6108226e-05 2.905922e-06
   280.45996 -1.8487173e-05 1.8833702e-05
   303.82507 2.6604587e-06 1.850568e-05
   329.13675 -3.8877923e-05 4.5898282e-06
   356.55713 5.9911334e-05 -1.0779971e-06
    386.2619 2.105784e-06 -4.4936887e-06
   418.44141 -1.3692927e-05 -8.0895518e-07
   453.30176 -1.1285651e-05 1.4816499e-05
   491.06631 4.0280661e-06 2.5004092e-05
   531.97705 2.6735159e-05 2.1773249e-05
   576.29608 3.6318866e-05 -5.0354029e-06
   624.30731 2.150125e-05 -3.4815424e-05
   676.31836 -1.0015386e-05 -4.2019037e-05
   732.66241 -3.6051635e-05 -1.8222025e-05
    793.7005 -3.657175e-05 1.5638119e-05
   859.82373 -8.4554049e-06 4.0218078e-05
   931.45563 2.9255983e-05 2.4176077e-05
   1009.0552 3.6698861e-05 -1.1513707e-05
   1093.1196 4.208307e-06 -3.8075312e-05
   1184.1874 -3.045612e-05 -1.6765913e-05
    1282.842 -2.1724813e-05 2.444474e-05
   1389.7157 1.9495359e-05 2.5892334e-05
   1505.4928 3.0795527e-05 -1.4771395e-05
   1630.9155 -1.7940567e-05 -2.7587468e-05
    1766.787 -3.0811279e-05 2.3208648e-05
    1913.978 3.3546516e-05 2.6710115e-05
   2073.4316 8.5848314e-06 -4.3657354e-05
   2246.1692 -4.2424279e-05 2.3304472e-05
   2433.2976 6.099671e-05 7.8011508e-06
   2636.0156 -5.0307903e-05 -2.1072266e-05
   2855.6221 5.2107131e-05 2.6407803e-05
   3093.5239 -5.0958333e-05 -2.2510872e-05
   3351.2454 6.7083987e-05 1.7993718e-05
   3630.4377 -6.7053268e-05 2.0242196e-05
   3932.8894 4.1855954e-05 -8.0231024e-05
   4260.5386 9.2651455e-05 4.6021705e-05
   4615.4839 -4.9094779e-06 9.8144366e-05
        5000 -6.9393325e-05 5.4382988e-05