   28.804932 -2.9197923e-05 -0.00093496882
   30.985193 0.0005658546 0.0021912442
   33.330479 0.00041333816 -0.0002350046
   35.853283 6.1443177e-05 -3.7315491e-05
   38.567039 -0.00012127104 3.4112083e-05
   41.486202 -6.0918694e-05 3.5041165e-05
   44.626316 3.9942312e-05 7.3369178e-05
   48.004108 3.2393229e-05 7.1718445e-05
   51.637569 4.4232009e-05 9.1520124e-06
   55.546047 4.0503532e-05 -3.6405459e-06
   59.750359 9.8660355e-05 -8.0877093e-05
   64.272896 1.2273365e-05 -1.4020064e-06
   69.137749 1.2311438e-05 4.7617314e-06
   74.370827 3.0774463e-05 -7.5329785e-06
          80 1.8818429e-05 -2.6082624e-05