   31.016848 0.00042049552 0.0018701648
   32.172016 -4.4331068e-06 -0.00036679965
   33.370209 8.3280647e-06 -0.00012536418
   34.613026 0.00048648572 -0.00028506754
    35.90213 -0.00014927665 -3.7754253e-05
   37.239243 -0.00014204261 -0.00011758137
   38.626156 0.0001561738 0.00025426116
    40.06472 -5.2493586e-05 4.9476483e-05
   41.556862 -5.185436e-05 2.6195596e-05
   43.104576 1.864393e-05 -7.800526e-06
   44.709934 -5.6935354e-05 2.852115e-05
    46.37508 -7.0839284e-05 -1.9477806e-05
   48.102242 -1.2851283e-05 5.1572853e-05
   49.893726 2.3251416e-05 4.8702837e-05
   51.751934 6.1823215e-05 9.5694786e-06
   53.679344 4.1245668e-05 2.9859877e-05
   55.678543 2.1552451e-05 -3.1794116e-06
   57.752193 3.0647108e-05 4.9038013e-06
   59.903076 -0.00012974924 -9.9580473e-05
   62.134064 1.7955424e-05 -4.600829e-06
   64.448143 2.7002028e-05 -7.5220928e-06
   66.848404 5.6478152e-06 2.8018933e-06
   69.338058 1.9633424e-05 6.5375207e-06
   71.920441 2.9769493e-05 7.1613804e-06
   74.598991 2.7721062e-05 -5.9111494e-06
   77.377304 2.6340176e-05 -2.5334883e-05
   80.259087   1.4144e-05 -2.8562448e-05
   83.248199 1.2369456e-05 -2.2478598e-05
    86.34864 4.9125233e-06 -2.3195813e-05
   89.564552 2.2310067e-07 -2.2832806e-05
    92.90023 9.2342606e-07 -2.4828214e-05
   96.360138 7.8626277e-07 -2.3176295e-05
   99.948906 -7.7118457e-06 -2.9281417e-05
   103.67133 -1.5713509e-05 -2.8126904e-05
    107.5324 -1.9459278e-05 -2.3895156e-05
   111.53726 -2.9710789e-05 -1.5086587e-05
   115.69128 -2.7879889e-05 -7.4865416e-06
         120 -3.395223e-05 3.8757166e-06