   44.520245 -0.00015665063 6.3519525e-05
   48.229225 -4.0080899e-06 4.9068167e-05
   52.247204 3.5488571e-05 2.5854948e-05
   56.599918 2.8284599e-05 1.1456152e-05
   61.315258 1.4540959e-05 -1.9213423e-05
   66.423431 4.7336421e-06 3.4383713e-06
   71.957169 1.448168e-05 -5.5735663e-06
    77.95192 1.8160414e-05 -2.6227652e-05
   84.446091 3.0592939e-06 -2.0849146e-05
     91.4813 8.9567675e-06 -2.3003773e-05
   99.102608 -7.1062591e-06 -2.6565596e-05
   107.35884 -2.0419198e-05 -2.419366e-05
   116.30291 -2.966497e-05 -4.9770097e-06
    125.9921 -2.0654517e-05 1.5697253e-05
   136.48851 -6.530574e-06 2.7299031e-05
   147.85936 5.1163283e-06 3.335665e-05
   160.17754 1.8259725e-05 1.1616694e-05
   173.52193 1.9643468e-05 -3.1105285e-06
   187.97803 7.2722914e-06 -1.4170928e-05
   203.63849 -7.0949409e-06 -1.8048828e-05
   220.60361 -1.4800177e-05 -8.8526667e-06
    238.9821 -1.5631216e-05 5.2444116e-06
   258.89169 -8.1039725e-06 1.873212e-05
   280.45996 6.2021741e-06 2.0264062e-05
   303.82507 2.686293e-05 9.1515712e-06
   329.13675 -1.8768676e-05 -2.4111019e-05
   356.55713 4.1349012e-05 -2.2474936e-05
    386.2619 -1.7211774e-05 -3.6735408e-05
   418.44141 -4.2230215e-05 -1.2996186e-05
   453.30176 -4.800241e-05 2.7140959e-05
   491.06631 -2.1083677e-05 5.6892823e-05
   531.97705 2.3912764e-05 5.708696e-05
   576.29608 6.794434e-05 2.606741e-05
   624.30731 6.7146699e-05 -2.993031e-05
   676.31836 2.4374493e-05 -6.5340602e-05
   732.66241 -3.5780282e-05 -6.3253006e-05
    793.7005  -6.8301e-05 -9.8372693e-06
   859.82373 -5.2364569e-05 4.8921087e-05
   931.45563 9.8617747e-06 6.7095258e-05
   1009.0552 6.9937072e-05 2.7529459e-05
   1093.1196 4.435446e-05 -4.4769869e-05
   1184.1874 -2.5493899e-05 -5.8521706e-05
    1282.842 -7.191726e-05 1.0635702e-05
   1389.7157 1.0912213e-06 6.8207468e-05
   1505.4928 6.5112938e-05 4.7880808e-06
   1630.9155 2.831556e-06 -7.0738774e-05
    1766.787 -7.0609014e-05 9.1008196e-06
    1913.978 3.6790389e-05 7.4401956e-05
   2073.4316 5.1191902e-05 -7.4587173e-05
   2246.1692 -0.00010697555 1.1110897e-05
   2433.2976 0.0001052517 5.6051573e-05
   2636.0156 -7.9825688e-05 -9.3179682e-05
   2855.6221 5.6641053e-05 8.5598716e-05
   3093.5239 -4.3609369e-05 -5.1048417e-05
   3351.2454 4.6988036e-05 6.4561202e-05
   3630.4377 -8.1390514e-05 -3.3924949e-05
   3932.8894 7.4113464e-06 -3.6523365e-06
   4260.5386 -7.0363094e-05 1.0208268e-05
   4615.4839 -5.6605237e-05 -0.00010974072
        5000 8.2262595e-05 -0.00013086679