   71.957169 1.5209194e-05 1.187096e-06
    77.95192 2.3046012e-05 -1.4490669e-05
   84.446091 -8.2488555e-07 -1.4186445e-05
     91.4813 2.9610512e-06 -1.9153998e-05
   99.102608 -2.3069094e-06 -2.1975246e-05
   107.35884 -2.0966752e-05 -2.1764021e-05
   116.30291 -2.8212267e-05 -6.949916e-06
    125.9921 -2.0564528e-05 1.1946112e-05
   136.48851 -1.2028484e-05 1.9344841e-05
   147.85936 1.0983242e-06 2.546961e-05
   160.17754 2.0426298e-05 1.4087006e-05
   173.52193 2.0948375e-05 -2.0951049e-06
   187.97803 1.1743722e-05 -1.5375808e-05
   203.63849 -2.0816722e-06 -2.0606372e-05
   220.60361 -1.1947675e-05  -1.2312e-05
    238.9821 -1.7652059e-05 -1.6121403e-06
   258.89169 -1.1771633e-05 7.9140027e-06
   280.45996 -2.7557005e-06 1.724279e-05
   303.82507 1.2535995e-05 1.0688962e-05
   329.13675 -1.9682504e-05 -1.1175333e-05
   356.55713 3.8499526e-05 -9.0703388e-06
    386.2619 -4.6705695e-06 -1.8091512e-05
   418.44141 -2.5005689e-05 -6.1732494e-06
   453.30176 -2.0920499e-05 9.5978994e-06
   491.06631 -6.5412555e-06 3.264413e-05
   531.97705 2.1707598e-05 3.1066109e-05
   576.29608 3.0684419e-05 4.4198696e-06
   624.30731 2.8750523e-05 -2.2907541e-05
   676.31836 1.8179429e-06 -3.0691786e-05
   732.66241 -1.842131e-05 -2.1102549e-05
    793.7005 -2.9576415e-05 3.0514566e-06
   859.82373 -1.5844886e-05  2.30921e-05
   931.45563 9.3352028e-06 2.3046956e-05
   1009.0552 2.4362767e-05 1.1641876e-06
   1093.1196 1.7236875e-05 -2.2573835e-05
   1184.1874 -1.1048834e-05 -1.8634168e-05
    1282.842 -2.5118015e-05 4.4238109e-06
   1389.7157 4.1663628e-07 1.9389117e-05
   1505.4928 2.1909855e-05 3.0461506e-06
   1630.9155 1.0719325e-06 -2.3643524e-05
    1766.787 -2.4107583e-05 3.8457761e-06
    1913.978 1.193892e-05 2.6274345e-05
   2073.4316 2.1367519e-05 -2.5420275e-05
   2246.1692 -3.5364777e-05 6.3596661e-07
   2433.2976 2.9673751e-05 2.1442216e-05
   2636.0156 -2.8151484e-05 -3.9416147e-05
   2855.6221 1.8578654e-05 3.5156114e-05
   3093.5239 -1.2531233e-05 -1.6886586e-05
   3351.2454 2.0244199e-05 2.7163356e-05
   3630.4377 -2.8541574e-05 -1.1301069e-05
   3932.8894 -7.9561996e-06 -7.4042932e-06
   4260.5386 -1.568482e-05 -3.3811348e-06
   4615.4839 2.027951e-06 -3.6826888e-05
        5000 5.1522158e-05 -2.3660368e-05