          20 -0.0069922716 -0.0080531491
   21.666201  0.018015567 -0.015658267
    23.47121 -0.0030289225 0.0054331874
   25.426598 -0.0035967838 -0.00051025423
   27.544888 0.0011891273 -0.0010869126
   29.839653 -0.000641889 -0.00065074279
   32.325596 0.00052605377 0.00040355345
   35.018639 4.8947186e-05 3.4607834e-05
   37.936043 9.2055503e-05 -0.00027381105
   41.096493 -0.00011617855 6.1131548e-05
   44.520245 1.151218e-05 4.8050872e-05
   48.229225 3.9598908e-05  7.11791e-05
   52.247204 5.9548278e-05 5.0735343e-05
   56.599918 5.3459775e-05 -8.7529406e-06
   61.315258 2.8154342e-05 -1.7682176e-05
   66.423431 2.0888212e-05 -2.2470497e-06
   71.957169 2.6856933e-05 -2.3742037e-05
    77.95192 3.2796754e-05 -4.1426207e-05
   84.446091 -1.447146e-06 -2.3998344e-05
     91.4813 6.481293e-06 -3.099447e-05
   99.102608 -1.8557113e-05 -4.0093852e-05
   107.35884 -3.863225e-05 -2.0070858e-05
   116.30291 -4.8619342e-05 -1.4322333e-06
    125.9921 -3.5687561e-05 2.1774928e-05
   136.48851 -1.2944201e-05 3.5211655e-05
   147.85936 1.2024274e-05 3.9242408e-05
   160.17754 3.1088999e-05 2.1742924e-05
   173.52193 3.638749e-05 -5.1208838e-07
   187.97803 2.6224001e-05 -2.1583999e-05
   203.63849 9.895527e-06 -2.7675338e-05
   220.60361 -8.4609856e-06 -2.4821305e-05
    238.9821 -1.6604186e-05 -1.2510654e-05
   258.89169 -1.59225e-05 1.5096257e-06
   280.45996 -1.0116206e-05 9.4832621e-06
   303.82507 3.1350935e-06 6.7247129e-06
   329.13675 -2.9459838e-05 -1.152538e-05
   356.55713 5.2965373e-05 -7.4110499e-06
    386.2619 -1.3638233e-05 -8.6240925e-06
   418.44141 -2.4296833e-05 3.1501118e-06
   453.30176 -2.1452717e-05 2.6305006e-05
   491.06631 2.1698711e-06 3.6134981e-05
   531.97705 3.4003904e-05 3.0288567e-05
   576.29608 4.4988516e-05 -1.2963773e-06
   624.30731 3.3186683e-05 -3.5401201e-05
   676.31836 -3.621366e-06 -4.8721635e-05
   732.66241 -3.583049e-05 -2.8169907e-05
    793.7005 -4.2439995e-05 9.6543426e-06
   859.82373 -2.2052391e-05 3.9155486e-05
   931.45563 1.6997157e-05 3.7169357e-05
   1009.0552 4.0703795e-05 3.9771708e-06
   1093.1196 2.1707297e-05 -3.4140168e-05
   1184.1874 -2.3856646e-05 -3.696113e-05
    1282.842 -4.2909662e-05 1.120644e-05
   1389.7157 3.6981692e-06 4.5058292e-05
   1505.4928 4.2590957e-05 3.2174546e-06
   1630.9155 6.8354433e-07 -4.8468177e-05
    1766.787 -5.3822449e-05 7.7554187e-06
    1913.978 2.3201801e-05 5.0475501e-05
   2073.4316 3.9848179e-05 -5.3419193e-05
   2246.1692 -7.6855606e-05 2.4204076e-06
   2433.2976 7.0428061e-05 5.1984218e-05
   2636.0156 -5.0593862e-05 -7.3634059e-05
   2855.6221 5.5725122e-05 9.4744973e-05
   3093.5239 -5.4485339e-05 -8.364713e-05
   3351.2454 7.4028714e-05 7.4424039e-05
   3630.4377 -0.00010131818 -1.3660042e-05
   3932.8894 6.3285115e-05 -7.6515658e-05
   4260.5386 6.7752939e-05 7.3623414e-05
   4615.4839 -3.3346427e-05 5.9703299e-05
        5000 -3.9783561e-05 8.663477e-07