   26.796316 -8.9219611e-06 -3.1586431e-05
     27.7943 -0.00013069465 -0.00021577119
   28.829451 -2.8188033e-05 -0.00023164318
   29.903154 -0.0001111217 -5.4877928e-05
   31.016848 -0.00014000735 7.9884121e-05
   32.172016 -0.0001428113 0.00020532215
   33.370209 -1.0933538e-05 0.00010419743
   34.613026 -2.9830704e-05 2.8149223e-05
    35.90213 -1.1260539e-05 4.0238283e-05
   37.239243 -8.4785023e-07 1.5431735e-05
   38.626156 5.8420669e-06 4.2502554e-05
    40.06472 2.5950171e-06 3.1564508e-05
   41.556862 1.7476268e-05 1.9638839e-05
   43.104576 2.6884458e-05 1.3211609e-05
   44.709934 2.6110745e-05 -5.6244266e-06
    46.37508 4.6431611e-05 -1.0446502e-05
   48.102242 6.6488769e-06 -2.4405572e-05
   49.893726 -5.7786419e-06 -1.0203186e-05
   51.751934 -4.2020652e-06 -1.3056538e-05
   53.679344 -2.0853862e-05 -8.8408688e-06
   55.678543 -2.2882316e-05 1.2853473e-05
   57.752193 -1.2936366e-05 2.0631947e-05
   59.903076 -4.3260243e-05 4.6135636e-05
   62.134064 4.6297187e-06 3.2396823e-05
   64.448143 1.4798482e-05 2.5896261e-05
   66.848404 2.3764142e-05 2.1436337e-05
   69.338058 2.993525e-05 1.3003935e-05
   71.920441 3.121496e-05 2.4525696e-06
   74.598991 2.8001799e-05 -9.4361008e-07
   77.377304 2.6271739e-05 -3.734403e-06
   80.259087 2.7270626e-05 -5.6120043e-06
   83.248199 2.8782879e-05 -1.2477033e-05
    86.34864 2.7735297e-05 -2.1948785e-05
   89.564552 2.2417214e-05 -2.6555401e-05
    92.90023 1.5497973e-05 -3.0699219e-05
   96.360138 1.0020852e-05 -3.0957774e-05
   99.948906 6.466692e-06 -3.2374308e-05
   103.67133 2.3432617e-06 -3.1947828e-05
    107.5324 -1.0888699e-06 -3.1557596e-05
   111.53726 -5.8230689e-06 -3.3260876e-05
   115.69128 -1.012221e-05 -3.3099393e-05
         120 -1.1472041e-05 -3.3344237e-05