    77.95192 2.5979603e-05 -4.0781447e-06
   84.446091 2.9590054e-05 -1.4451349e-05
     91.4813 2.0102161e-05 -2.8437886e-05
   99.102608 9.6025824e-06 -3.1710271e-05
   107.35884 -5.1274174e-07 -3.2878939e-05
   116.30291 -1.0543533e-05 -3.2949993e-05
    125.9921 -2.1998974e-05 -3.0894993e-05
   136.48851 -3.2898457e-05 -2.2700149e-05
   147.85936 -4.1627471e-05 -1.0260725e-05
   160.17754 -4.3721942e-05 7.1341437e-06
   173.52193 -3.8596489e-05 2.3912027e-05
   187.97803 -2.5591879e-05 3.6166111e-05
   203.63849 -8.1317967e-06 4.1582916e-05
   220.60361 6.7697601e-06  3.95192e-05
    238.9821 1.9660181e-05 3.2131971e-05
   258.89169 2.8254753e-05 2.0876234e-05
   280.45996 3.1492804e-05 8.1238359e-06
   303.82507 2.9448869e-05 -5.2865448e-06
   329.13675 2.7580738e-05 2.325467e-06
   356.55713 1.7407707e-05 -1.0639132e-05
    386.2619 1.2539514e-05 -2.3860644e-05
   418.44141 1.1007527e-06 -2.7573929e-05
   453.30176 -1.2046948e-05 -2.6128922e-05
   491.06631 -2.4468056e-05 -1.8112525e-05
   531.97705 -3.0141762e-05 -1.2699263e-06
   576.29608 -2.5145764e-05 1.6930882e-05
   624.30731 -9.0224739e-06 2.7872286e-05
   676.31836 1.1622568e-05 2.5379213e-05
   732.66241 2.4876352e-05 1.0552105e-05
    793.7005 2.3862765e-05 -1.0247634e-05
   859.82373 7.0826977e-06 -2.3286571e-05
   931.45563 -1.3232457e-05 -1.8795221e-05
   1009.0552 -2.1781105e-05 -1.1215152e-07
   1093.1196 -1.088902e-05 1.7609782e-05
   1184.1874 1.0711932e-05 1.6416368e-05
    1282.842 1.9502424e-05 -3.3141528e-06
   1389.7157 3.0175363e-06 -2.0294336e-05
   1505.4928 -2.0788408e-05 -6.8791023e-06
   1630.9155 -9.4574143e-06 2.304689e-05
    1766.787 2.4953186e-05 6.871524e-06
    1913.978 9.1576908e-07 -2.929839e-05
   2073.4316 -3.2850516e-05 1.306117e-05
   2246.1692 3.4999382e-05 2.069348e-05
   2433.2976 -1.5850428e-05 -4.6011552e-05
   2636.0156 -5.5023847e-06 5.5695222e-05
   2855.6221 1.392181e-05 -5.3520045e-05
   3093.5239 -1.2853222e-05 4.8374637e-05
   3351.2454 9.755212e-06 -5.3281528e-05
   3630.4377 1.7701468e-05 5.9096805e-05
   3932.8894 -6.7435802e-05 -3.5738114e-05
   4260.5386 5.4487708e-05 -6.2088096e-05
   4615.4839 6.2730105e-05 4.5506687e-05
        5000 -2.2493172e-05 7.2445699e-05