          20 7.1120382e-07 4.4216915e-07
    20.59264 1.2787756e-07 -2.517904e-07
   21.202843 6.7402063e-08 -2.7828827e-07
   21.831125 -1.4247259e-08 -7.6787714e-08
   22.478027 2.6859402e-08 3.1444804e-07
   23.144096 1.3879216e-07 -8.2375017e-08
   23.829903 2.2689622e-07 -4.5882409e-08
   24.536032 1.0820102e-07 -3.6742674e-07
   25.263084 1.5263066e-07 -7.4101433e-07
   26.011681 -3.5252302e-07 -6.3579267e-07
   26.782461 -6.5801174e-07 -4.4420969e-07
   27.576078 -8.7818631e-07 -2.674693e-08
   28.393215 -8.6769654e-07 4.7382633e-07
   29.234564 -5.3176598e-07 6.4405737e-07
   30.100843 -9.547518e-08 8.041319e-07
   30.992792 1.4996797e-07 6.1791428e-07
   31.911171 2.7678385e-07 4.207279e-07
   32.856766 2.5953645e-07 2.6163698e-07
   33.830379 1.7692368e-07 9.9966307e-08
    34.83284 1.0869825e-07 9.5899779e-08
   35.865009 -1.444171e-08 1.9044738e-07
   36.927761 3.0384086e-08 2.7386685e-07
   38.022007 1.2601797e-07 3.427927e-07
   39.148678 2.3810145e-07 3.5327284e-07
   40.308731 3.7260941e-07 3.007323e-07
   41.503162 4.6697474e-07 1.9680492e-07
   42.732983 5.2501827e-07 5.8739595e-08
   43.999249 5.3467204e-07 -9.8222891e-08
   45.303036 4.6554749e-07 -2.5025878e-07
   46.645458 3.6240996e-07 -3.6520461e-07
    48.02766 1.8195453e-07 -4.1083879e-07
   49.450817 7.0025898e-08 -3.5264196e-07
   50.916145 5.9191123e-08 -3.3968215e-07
   52.424892 -2.9669648e-08 -3.8796153e-07
   53.978352 -1.8527423e-07 -3.2248749e-07
   55.577839 -2.3982463e-07 -1.7069833e-07
   57.224724 -1.9450809e-07 -8.1986755e-08
   58.920406 -1.6493145e-07 -2.7780668e-08
    60.66634 -1.1565669e-07 1.4995846e-08
   62.464008 -6.0830857e-08 1.6489592e-08
   64.314941 -3.2150254e-08 -5.0439621e-09
   66.220726 -2.6525315e-08 -2.1395618e-08
   68.182983 -2.1202846e-08 -3.0044031e-08
   70.203384 -2.0854038e-08 -4.545057e-08
   72.283653 -4.4641588e-08 -6.0505087e-08
    74.42556 -7.2555096e-08 -4.4231033e-08
   76.630943 -7.9711675e-08 -1.6621588e-08
   78.901672 -6.7785756e-08 7.1644726e-09
   81.239693 -4.7371135e-08 1.7378111e-08
   83.646988 -2.9728707e-08 1.6059765e-08
   86.125618 -2.374502e-08 7.1275559e-09
   88.677696 -2.5270692e-08 3.4051115e-09
   91.305397 -2.8705729e-08 3.3704137e-09
   94.010963 -2.6673414e-08 8.8902095e-09
     96.7967 -2.1124089e-08 1.3184851e-08
   99.664986 -1.4628773e-08 1.6131816e-08
   102.61826 -8.3420746e-09 1.6481049e-08
   105.65905 -7.6564366e-10 1.3292587e-08
   108.78994 4.3459427e-09 1.1255985e-08
   112.01361 9.419951e-09 5.6212808e-09
    115.3328 1.1776785e-08 -1.8111194e-10
   118.75034 1.2861955e-08 -4.0392694e-09
   122.26916 1.3065729e-08 -7.876416e-09
   125.89224 1.4239579e-08 -1.3412256e-08
   129.62268 1.2810269e-08 -1.7767061e-08
   133.46367 1.1224242e-08 -2.1531683e-08
   137.41847 9.2872812e-09 -2.4151314e-08
   141.49046 7.8645108e-09 -2.6631831e-08
   145.68311 5.5846154e-09 -2.7804591e-08
         150 2.8991305e-09 -3.0165978e-08