   24.979937 0.00024497646 -0.00028621138
   25.922977 -2.1033389e-05 -0.00015806094
   26.901621 -9.7765762e-05 -0.00014836139
    27.91721 -0.00014095983 -7.7054654e-05
   28.971138 -0.00019224972 -4.6501784e-05
   30.064856 -0.00012521363 -0.00013537981
   31.199863 -0.00019273417 4.3569573e-05
    32.37772 -0.0001420748 0.00010992832
    33.60004 -5.5017877e-05 0.00010006742
   34.868507 -5.5506185e-05 3.555842e-05
    36.18486 -0.00011349751 3.7350919e-06
   37.550911 -0.00019850173 5.1534807e-05
   38.968529 -0.00023767784 0.00015436557
   40.439667 -0.00021416813 0.00027879234
   41.966343 -0.00012382559 0.00038504033
   43.550655 3.131272e-05 0.00049878203
   45.194778 0.00020915018 0.00047283361
   46.900967 0.00040412665 0.00037763955
    48.67157 0.00044978783 0.00019530703
   50.509018 0.00042720453 0.00013951829
   52.415833 0.00053310202 2.5483025e-05
    54.39463 0.00040839435 -0.00021818286
   56.448135 0.0002102993 -0.00023134773
   58.579163 0.0001305757 -0.00022499773
   60.790638 5.5222128e-05 -0.00015924063
   63.085606 4.8380971e-05 -0.00011419257
   65.467209 5.7807858e-05 -8.8561159e-05
   67.938721 5.1861542e-05 -7.7696895e-05
    70.50354 5.8395774e-05 -7.1224858e-05
   73.165192 6.8159301e-05 -0.00011580123
   75.927315 1.7152233e-05 -0.00014665816
   78.793724 -3.8055361e-05 -0.0001310159
   81.768333 -5.8267582e-05 -8.5743479e-05
   84.855247 -5.5278233e-05 -5.1614003e-05
   88.058701 -3.7793336e-05 -4.277617e-05
   91.383087 -2.7521688e-05 -3.7483118e-05
   94.832977 -3.5191701e-05 -3.3708675e-05
   98.413109 -3.330913e-05 -2.7089554e-05
    102.1284 -3.3003376e-05 -2.0781656e-05
   105.98394 -3.7713362e-05 -5.377231e-06
   109.98504 -3.7177146e-05 1.4584288e-06
   114.13719 -3.4764453e-05 1.4245217e-05
   118.44609 -2.7188478e-05 2.6202848e-05
   122.91766 -1.7608729e-05 2.8972738e-05
   127.55804 -8.5277843e-06 3.0026402e-05
   132.37361 4.2314978e-06 3.1549433e-05
   137.37097 1.3666775e-05 2.6015769e-05
   142.55699 2.2404476e-05 2.1041909e-05
    147.9388 3.1115527e-05 1.3355957e-05
   153.52377 3.6460624e-05 4.6840696e-06
    159.3196 3.2786844e-05 -8.6156633e-06
   165.33421 3.5201025e-05 -2.1685271e-05
   171.57591 3.1339292e-05 -3.1143616e-05
   178.05324 1.9375986e-05 -3.9830553e-05
   184.77509 1.0208886e-05 -3.6516816e-05
    191.7507 8.0410376e-07 -3.8428148e-05
   198.98967 -1.3144877e-05 -3.6131678e-05
   206.50192 -2.4294675e-05 -3.9083025e-05
   214.29778 -3.1486943e-05 -2.9686558e-05
   222.38792 -3.7698257e-05 -1.7431332e-05
   230.78351 -4.6647343e-05 -4.506016e-06
   239.49603 -4.7317375e-05 5.0796602e-06
   248.53748 -3.8430939e-05 1.7248178e-05
   257.92026 -2.9580218e-05 2.7467295e-05
   267.65723 -2.2753644e-05 3.6952089e-05
   277.76181 -1.0915642e-05 3.5538669e-05
   288.24786 -1.2694363e-05 4.5053126e-05
   299.12979 2.1649361e-05 3.7931561e-05
   310.42252 3.2999804e-05 2.3199635e-05
   322.14157 5.0968509e-05 1.3555768e-06
   334.30304 5.0094914e-05 -5.6893296e-06
   346.92365 -0.00068983203 -1.0381511e-05
   360.02069 5.445251e-05 -1.4729146e-05
   373.61215 2.8392167e-05 -2.9519097e-05
   387.71674 8.1153194e-06 -3.4339933e-05
   402.35382 -5.4852312e-06 -3.5677949e-05
   417.54346 -5.917128e-06 -5.3360127e-06
   433.30652 -3.4432127e-05 -1.8959643e-05
    449.6647 -3.9711522e-05 2.3429125e-07
   466.64041 -4.048261e-05 1.6576256e-05
   484.25699 -3.0124675e-05 3.3725653e-05
   502.53864 -1.4655364e-05 4.326893e-05
   521.51044 2.5769696e-06 4.8494861e-05
   541.19849 2.150237e-05 4.3404762e-05
   561.62976 3.5510002e-05 3.0155279e-05
    582.8324 4.9744962e-05 1.235877e-05
   604.83545 5.0850562e-05 -5.7776706e-06
   627.66919 4.4671688e-05 -2.5385207e-05
   651.36493 3.1461892e-05 -4.1164036e-05
    675.9552 1.185412e-05 -4.7631485e-05
   701.47382 -1.1694944e-05 -5.1442687e-05
   727.95581 -2.7542999e-05 -3.7825081e-05
   755.43756 -4.3361735e-05 -2.4438974e-05
   783.95685 -5.2486397e-05 -1.4933116e-06
   813.55273 -4.4490273e-05 1.784626e-05
   844.26593 -3.1032909e-05 3.6722897e-05
   876.13861 -1.1747725e-05 4.6489688e-05
   909.21454 1.121238e-05 4.3315871e-05
   943.53918 2.8854151e-05 3.3271172e-05
   979.15961 3.9739622e-05 1.6060649e-05
   1016.1248 4.3855212e-05 -6.0027819e-06
   1054.4855 3.4220688e-05 -2.7025961e-05
   1094.2943 1.3004643e-05 -3.608533e-05
   1135.6061 -5.2286309e-06 -3.8253555e-05
   1178.4774 -2.4584297e-05 -3.0404366e-05
   1222.9673 -3.4673485e-05 -1.1162281e-05
   1269.1367 -3.6351077e-05 1.0772241e-05
   1317.0491 -2.3698527e-05 2.8992416e-05
   1366.7703 -1.5377404e-06 3.7429396e-05
   1418.3684 2.0285677e-05 3.0594627e-05
   1471.9147 3.7889818e-05 1.1612905e-05
   1527.4823 3.5677796e-05 -1.5428079e-05
   1585.1477 1.6904622e-05 -3.1536201e-05
   1644.9901 -9.6141721e-06 -3.778961e-05
   1707.0917 -3.2978245e-05 -2.1658416e-05
   1771.5377 -4.0359879e-05 8.4930134e-06
   1838.4167 -2.068819e-05 3.7441707e-05
   1907.8206 1.6419615e-05 4.1200376e-05
   1979.8445 4.8895214e-05 1.4835521e-05
   2054.5874 4.2832718e-05 -3.2873977e-05
   2132.1521 -6.0002362e-06 -5.7286958e-05
    2212.645 -5.3520642e-05 -2.2115453e-05
   2296.1768 -5.0651564e-05 4.0451381e-05
   2382.8618 1.9867633e-05 6.6593893e-05
   2472.8196 7.7284618e-05 4.1835756e-06
   2566.1733 2.6573289e-05 -7.8531368e-05
   2663.0513 -7.4741714e-05 -4.752813e-05
   2763.5867 -6.0718885e-05 6.6663415e-05
   2867.9175 6.0186161e-05 6.7569032e-05
    2976.187 7.0654576e-05 -5.8822334e-05
   3088.5437 -4.8107871e-05 -6.4422544e-05
   3205.1423 -7.6531578e-05 4.6910878e-05
   3326.1426 3.932144e-05 8.3276398e-05
   3451.7109 8.1394151e-05 -6.0813134e-05
   3582.0198 -7.133904e-05 -6.1363848e-05
    3717.248 -5.3224197e-05 0.00010432649
   3857.5815 0.00011634902 -6.0125017e-06
   4003.2126 -4.7954847e-05 -9.2972223e-05
   4154.3418 -4.3346899e-05 8.5040185e-05
   4311.1763 8.3849227e-05 -1.8720291e-05
   4473.9316 -6.0302089e-05 -3.7988098e-05
   4642.8311 1.0399561e-05 5.3407479e-05
   4818.1069 1.7079565e-05 -3.1250744e-05
        5000 -2.3735727e-05 9.5472997e-06