          20 3.5806249e-07 -2.0380811e-07
   21.666201 8.4467683e-07 -3.037668e-07
    23.47121 -5.6391809e-08 -3.7962021e-08
   25.426598 -1.9280318e-07 -1.5815796e-07
   27.544888 -4.6842362e-07 3.1542268e-07
   29.839653 3.0958495e-07 4.0021143e-07
   32.325596 1.3271053e-07 -1.7560629e-07
   35.018639 -3.0596761e-09 6.4265279e-08
   37.936043 4.3803063e-09 -1.9174299e-08
   41.096493 2.6834077e-09 3.5893438e-10
   44.520245 1.0503086e-08 1.4594076e-08
   48.229225 2.149231e-08 3.5573176e-09
   52.247204 2.6338967e-08 1.0418607e-09
   56.599918 1.5951555e-08 -1.2133258e-08
   61.315258 1.5770738e-08 -1.1692748e-08
   66.423431 1.299964e-08 -1.8679598e-08
   71.957169 6.433297e-09 -2.5071611e-08
    77.95192 -7.199632e-09 -2.5171056e-08
   84.446091 -1.4659296e-08 -1.9412649e-08
     91.4813 -1.8563163e-08 -1.3912798e-08
   99.102608 -2.3289399e-08 -6.8112875e-09
   107.35884 -2.380729e-08 1.3168006e-09
   116.30291 -2.2390532e-08 8.7712326e-09
    125.9921 -1.8275996e-08 1.2683327e-08
   136.48851 -1.294493e-08 1.6587602e-08
   147.85936 -8.4882421e-09 1.8197463e-08
   160.17754 -4.4323727e-09 1.8560419e-08
   173.52193 -1.4180341e-09 1.8563675e-08
   187.97803 1.208129e-09 1.8878888e-08
   203.63849 3.1744485e-09 1.8826578e-08
   220.60361 6.6403598e-09 1.8481803e-08
    238.9821 9.4127337e-09 1.744877e-08
   258.89169 1.1680203e-08 1.6158129e-08
   280.45996 1.3902464e-08 1.3175882e-08
   303.82507 1.5796914e-08 9.7958175e-09
   329.13675 6.7001649e-09 1.139663e-08
   356.55713 6.599949e-09 1.276997e-08
    386.2619 1.3006782e-08 1.1898872e-08
   418.44141 1.3739071e-08 6.8602266e-09
   453.30176 1.4150142e-08 6.0494623e-09
   491.06631 1.4306621e-08 4.3625317e-09
   531.97705 1.4518637e-08 3.0769303e-09
   576.29608 1.4038107e-08 1.1817634e-09
   624.30731 1.3922051e-08 -8.2317916e-11
   676.31836 1.4425455e-08 -3.4135822e-10
   732.66241 1.3659454e-08 -1.3892336e-09
    793.7005 1.1100077e-08 -2.9076954e-09
   859.82373 9.996806e-09 -3.4788736e-09
   931.45563 9.0575485e-09 -3.7288475e-09
   1009.0552 8.1174694e-09 -3.7361927e-09
   1093.1196 7.6654922e-09 -3.6563108e-09
   1184.1874 8.5194767e-09 -3.0002394e-09
    1282.842 7.9949425e-09 -3.0126919e-09
   1389.7157 8.5514991e-09 -2.6967952e-09
   1505.4928 9.255567e-09 -2.6844313e-09
   1630.9155 9.1539789e-09 -3.2301348e-09
    1766.787 1.2164516e-08 -3.4968171e-09
    1913.978 1.1737422e-08 -4.5507216e-09
   2073.4316 1.2525883e-08 -6.185628e-09
   2246.1692 1.3977984e-08 -8.6338936e-09
   2433.2976 1.3127197e-08 -1.1916989e-08
   2636.0156 1.1014319e-08 -1.6726199e-08
   2855.6221 3.9243488e-09 -1.7434916e-08
   3093.5239 -2.2317323e-10 -1.7268723e-08
   3351.2454 -2.10273e-09 -1.9010164e-08
   3630.4377 -3.5937024e-09 -2.2865054e-08
   3932.8894 -9.0600416e-09 -2.1950227e-08
   4260.5386 -2.3904846e-08 -2.6643566e-08
   4615.4839 -2.6713881e-08 -1.0318444e-08
        5000 -2.8113874e-08 -1.1067721e-09