   52.646996 -0.0011401932 -0.00063770218
   53.491123 -0.00090397726 -0.00060327083
   54.348785 -0.0010390067 -0.00082778331
     55.2202 -0.0011789312 -0.00068947778
   56.105587 -0.0010970921 -0.00060004543
   57.005169 -0.00096373085 -0.00070292508
   57.919178 -0.00091149134 -0.00073948631
   58.847839 -0.00081969483 -0.00043545454
   59.791389 -0.0012046314 -0.00051860517
   60.750069 -0.0012453052 -0.00059367873
   61.724121 -0.0011401344 -0.00070650131
   62.713791 -0.0011386016 -0.0005668365
   63.719326 -0.0012675847 -0.00077984529
    64.74099 -0.0011359772 -0.00066948071
    65.77903 -0.0011408404 -0.00065256673
    66.83371 -0.0011791202 -0.00062005053
   67.905304 -0.0012983369 -0.0006895503
    68.99408 -0.0011996757 -0.00069322862
   70.100319 -0.0011853076 -0.00071070454
   71.224289 -0.0013154122 -0.00057139504
    72.36628 -0.0012652219 -0.00067786215
   73.526581 -0.0013077172 -0.00071610883
    74.70549 -0.0013490373 -0.00065618753
   75.903297 -0.0013417793 -0.00050423841
   77.120308 -0.0013686593 -0.00066475815
   78.356834 -0.0013100363 -0.00056417461
    79.61319 -0.0013382592 -0.00068273983
   80.889687 -0.0014169689 -0.00067090878
   82.186653 -0.0013256896 -0.00066905946
    83.50441 -0.001297878 -0.00062430633
     84.8433 -0.0013290179 -0.00056945125
   86.203659 -0.0013917879 -0.00060576858
   87.585823 -0.0014290939 -0.00059388252
    88.99015 -0.0014339584 -0.00045679999
      90.417 -0.0014225857 -0.00055238453
   91.866722 -0.0014570862 -0.00043611182
   93.339691 -0.0013671451 -0.00055364263
   94.836273 -0.0014188708 -0.00045262848
   96.356857 -0.0015204453 -0.00056890759
   97.901817 -0.001472521 -0.00052515347
    99.47155 -0.0014581892 -0.00047239044
   101.06645 -0.0014935296 -0.00058481609
   102.68693 -0.0015022113 -0.00052973238
   104.33338 -0.0015133863 -0.00045557704
   106.00623 -0.0015218422 -0.00057238393
   107.70591 -0.0015218346 -0.00051108882
   109.43284 -0.0014585623 -0.00044765117
   111.18746 -0.0015097409 -0.00047844162
   112.97021 -0.0015692203 -0.00050085422
   114.78155 -0.0015311936 -0.00050523825
   116.62193 -0.0015374043 -0.00041552115
   118.49181 -0.0015185886 -0.00037346195
   120.39168 -0.0015344503 -0.00036064212
   122.32201 -0.0015603484 -0.0004589459
   124.28329 -0.0015564009 -0.00030995591
   126.27602 -0.0016205073 -0.00040239745
   128.30069 -0.001620476 -0.00045218712
   130.35783 -0.0015880778 -0.00034224486
   132.44795 -0.0016213653 -0.00031310724
   134.57159 -0.0016034453 -0.00036800941
   136.72928 -0.0016675881 -0.00034453211
   138.92157 -0.0016480824 -0.000334073
     141.149 -0.0017236122 -0.00034586104
   143.41214 -0.0016306462 -0.00034274952
   145.71158 -0.001706649 -0.00032687504
   148.04788 -0.0016939974 -0.0002748511
   150.42165 -0.0016892082 -0.00021989235
   152.83347 -0.0017402271 -0.00031009316
   155.28395 -0.0017245037 -0.00024260857
   157.77374 -0.0016768323 -0.00027577113
   160.30344 -0.0016561417 -0.00028034821
    162.8737 -0.0017081448 -0.00021896021
   165.48518 -0.001790902 -0.00021917436
   168.13853 -0.0017835911 -0.00019592544
   170.83443 -0.0017244611 -0.0001788251
   173.57353 -0.0017226924 -0.00020180193
   176.35657 -0.001793831 -0.00013087995
   179.18423 -0.0017967133 -0.00019197864
   182.05722 -0.0017249493 -0.0001777077
   184.97629 -0.0018251928 -0.00015202214
   187.94214 -0.0018699943 -0.00012265646
   190.95557 -0.0017988533 -9.3572395e-05
   194.01729 -0.0017587208 -8.5963205e-05
   197.12811 -0.0018533104 -4.5111708e-05
   200.28882 -0.0018093857 -7.8484314e-05
    203.5002 -0.0018256115 -4.8337464e-05
   206.76306 -0.0018791822 -7.7234807e-05
   210.07826 -0.0017793529 -5.5337142e-07
   213.44659 -0.0018115273 -4.4002998e-05
   216.86894 -0.0018454439 2.121611e-05
   220.34616 -0.0018509055 -1.693671e-05
   223.87914 -0.0018345601 3.7956277e-05
   227.46877 -0.0019028625 5.9929909e-05
   231.11594 -0.0018185941 8.9451692e-05
   234.82159 -0.0018919033 1.0451276e-05
   238.58665 -0.0018834131 0.00011465846
   242.41209 -0.0018777372 0.00013356667
   246.29887 -0.0019210473 0.00017204297
   250.24797 -0.0019000934 0.00017269776
   254.26038 -0.0018541813 0.00017959684
   258.33713 -0.0018914778 0.00018303096
   262.47925 -0.0018860658 0.00018805118
   266.68777 -0.0018765797 0.00023142075
   270.96378 -0.0019185089 0.00024853027
   275.30832 -0.001880443 0.00028737096
   279.72256 -0.0018824452 0.00033808063
   284.20755 -0.0018923683 0.00029797183
   288.76447 -0.0019290497 0.0003201369
   293.39444 -0.0019396765 0.00033243821
   298.09866 -0.0019194557 0.00037989856
    302.8783 -0.0019067369 0.00037373308
   307.73456  -0.00192838 0.00040513813
    312.6687 -0.0019330736 0.00041300035
   317.68195 -0.001910939 0.00048317551
   322.77557 -0.0019007907 0.00045608039
    327.9509 -0.0019073739 0.00050439837
   333.20917 -0.001911815 0.00050157402
   338.55176 -0.0019146189 0.00053823349
   343.98001 -0.0019035112 0.00057494274
    349.4953 -0.0019051555 0.00060757063
   355.09903 -0.0019094513 0.00062886591
   360.79257 -0.0018974751 0.00063830114
   366.57745 -0.0019025082 0.00065027358
   372.45505 -0.0019164045 0.00068283785
   378.42691 -0.0018787617 0.00071803451
   384.49451 -0.0018678575 0.00072250137
   390.65939 -0.0018740568 0.00076166401
   396.92313 -0.0018578293 0.00076767668
   403.28729 -0.0018602198 0.00079869572
   409.75348 -0.0018355272 0.00082853372
   416.32336 -0.001828388 0.00084693561
    422.9986 -0.0018226802 0.00088873319
   429.78085 -0.0018230729 0.0009068487
   436.67184 -0.0018018745 0.00091673009
   443.67334 -0.0017863521 0.00094434828
   450.78708 -0.0017995877 0.00096387888
   458.01489 -0.0017922652 0.0010192888
   465.35858 -0.0017577148 0.0010488252
   472.82001 -0.0017411916 0.0010652805
   480.40109 -0.0017502778 0.0010888437
   488.10373 -0.0017409066 0.0011208128
   495.92984 -0.0016911811 0.0010925145
   503.88147 -0.0016836463 0.0011603279
   511.96057 -0.0016960045 0.0011771704
   520.16919 -0.0016502545 0.0012212121
   528.50946 -0.0016441204 0.0012380786
   536.98346 -0.001623141 0.0012705898
   545.59332 -0.001601273 0.0012955064
   554.34125 -0.0015995927  0.001317993
   563.22937 -0.001555645 0.0013698708
   572.26007 -0.001540054 0.0013668478
   581.43555 -0.0015142735 0.0013956472
   590.75812 -0.0014878182 0.0014187879
   600.23016 -0.001477761 0.0014134743
   609.85413 -0.0014724415  0.001454321
   619.63239 -0.0014547814   0.00149374
   629.56738 -0.0014311719 0.0015374052
   639.66174 -0.0013877546 0.0015414504
   649.91791 -0.0013842266 0.0015872465
    660.3385 -0.0012903688  0.001543593
   670.92621  -0.00107751 0.0019192513
   681.68365 -0.0012681171 0.0015437457
   692.61365 -0.0012208852  0.001647534
   703.71881 -0.0011804705  0.001703998
   715.00208 -0.0011710245 0.0017299199
   726.46619 -0.0011558089 0.0017598385
    738.1142  -0.00111959  0.001759869
   749.94891 -0.0010682733 0.0017892891
   761.97339 -0.0010647197 0.0018288124
   774.19067 -0.00092002255  0.001853621
   786.60388 -0.00099671853  0.001982925
   799.21606 -0.00088418386 0.0020368677
   812.03052 -0.00054702914 0.0015495544
   825.05042 -0.00092530088 0.0018260914
   838.27905 -0.00076464209 0.0018811971
   851.71979 -0.00069717295 0.0018317756
   865.37604 -0.00088032987 0.0018941329
   879.25128 -0.00055535208 0.0020493618
     893.349 -0.00050527544 0.0016952695
   907.67273 -0.00046138681 0.0018062043
   922.22607 -0.0005129943 0.0019445802
   937.01282 -0.00050215377 0.0019382389
   952.03668 -0.00043436879 0.0019920741
   967.30139 -0.0004181331 0.0019790228
   982.81085 -0.00029444776 0.0019606689
   998.56897 -0.00029780084 0.0020302415
   1014.5798 -0.00026766173 0.0020507048
   1030.8473 -0.00019023148 0.0020400044
   1047.3756 -0.00013667207 0.0020541726
   1064.1689 -0.00010364878 0.0020662851
   1081.2316 -4.008937e-05 0.0021008705
   1098.5677 0.00014934564 0.0019017464
    1116.182 7.8452031e-05 0.0020416602
   1134.0785 0.00033459614 0.0019614152
   1152.2621 0.00018453097 0.0017457971
   1170.7372 0.00092760869 0.0019146315
   1189.5084 0.00027814548 0.0019546947
   1208.5807 0.00028118375 0.0020150589
   1227.9587 0.00036883474 0.0020149807
   1247.6476 0.00046153259 0.0019897111
    1267.652 0.00052322925 0.0019571297
   1287.9773 0.00057666562 0.0019247738
   1308.6283  0.000626422 0.0018901153
   1329.6106 0.0003125642 0.0017641453
   1350.9292 0.00074189616 0.0019495783
   1372.5896 0.00079869234 0.0019289767
   1394.5974 0.00084714417 0.0018771637
    1416.958 0.00095038093 0.0020533218
   1439.6771 0.0010500951 0.0019063905
   1462.7606 0.0011038625 0.0018401723
   1486.2141 0.0011787473 0.0018084736
   1510.0437 0.0012259636 0.0017599131
   1534.2554 0.0012737366   0.00173105
   1558.8552 0.0013615505 0.0017040638
   1583.8495 0.0015014539 0.0016689679
   1609.2445 0.0015502742  0.001626378
   1635.0468 0.0016444328 0.0015991814
   1661.2627 0.0020407052  0.001366704
   1687.8989 0.0016782766  0.001017845
   1714.9623 0.0018409204 0.0010180912
   1742.4595 0.0016204022 0.0011455045
   1770.3977 0.0017683266 0.0011515921
   1798.7838  0.001858577 0.0010578858
    1827.625  0.001969263 0.00098644395
   1856.9287  0.001966421 0.0010528209
   1886.7023 0.0016615522 0.00098193728
   1916.9531  0.002257552 -0.00015493437
   1947.6891 0.0020658332 0.00088545278
   1978.9178 0.0024139809 0.00055557268
   2010.6473 0.0019877863 0.00036755833
   2042.8855 0.0021473563 0.00041256304
   2075.6406 0.0022294137 0.00030897805
   2108.9209 0.0022931409 0.00021539658
   2142.7349 0.0023324639 5.2244159e-05
   2177.0908 0.0023991398 -0.00020474468
   2211.9978 0.0021825978 -0.00017899199
   2247.4644 0.0022204367 -0.0001416561
   2283.4998 0.0023096728 -0.00040025185
   2320.1128 0.0022878987 -0.00065271789
   2357.3127 0.0024045727 -0.00075430539
   2395.1094 0.0023441713 -0.00086794142
    2433.512 0.0020703566 -0.0010330004
   2472.5303  0.002281687 -0.00091518677
   2512.1741 0.0020527097 -0.0013093486
   2552.4536 0.0024841961 -0.0011197967
   2593.3792 0.0024129425 -0.0017607334
   2634.9607 0.0022418466 -0.0019573923
    2677.209 0.0022436986 -0.0020024206
   2720.1348 0.0018665523 -0.0025405595
   2763.7485 0.0018740576 -0.0023896117
   2808.0618 0.0014915464 -0.0029431321
   2853.0857 0.0015455269 -0.0030039048
   2898.8313 0.00044141695 -0.0028384649
   2945.3103 0.00090544933 -0.0031071191
   2992.5347 0.00089239096 -0.0037146257
   3040.5164 0.00033995832 -0.0035500752
   3089.2671 -0.00022844801 -0.0042577181
   3138.7996 -0.0019328479 -0.0037386511
   3189.1265 -0.00022480956 -0.0022277061
     3240.26 -0.00097936939 -0.0032770489
   3292.2136 -0.0010108068 -0.0037175016
        3345 -0.0010967581 -0.0040567615
   3398.6328 -0.0018063603 -0.0046023969
   3453.1257 -0.0026343074 -0.0055087889
   3508.4922 -0.0042579523 -0.0065961345
   3564.7466 -0.0095905215 -0.0084187584
   3621.9028 -0.0099300705 2.299042e-05
   3679.9753 -0.0099393213  0.033306237
   3738.9792 0.0044756141 0.0098954141
    3798.929  0.003333095 0.0047237128
   3859.8401 0.0030949272 0.0037389796
   3921.7278 0.0023849143 0.0015317381
   3984.6079 0.0018626389 0.00072917598
   4048.4961 0.0011630255 -5.3045092e-06
   4113.4087 0.00065080845 0.00035850579
   4179.3618 0.00039515071 -0.00085223053
   4246.3726 1.3050855e-05 -0.00013418036
    4314.458 -8.012294e-05 8.4256542e-05
   4383.6348 -9.0047812e-05 -0.00058116578
   4453.9209 -0.0016925394 -0.00057602156
    4525.334 -0.001149799 0.00083325629
   4597.8921 -0.00088664121 0.0010565213
   4671.6133 -0.00051249174 0.0012202815
   4746.5171 0.00044218142 0.0018657714
   4822.6216 -0.00016606087 0.0014591835
   4899.9463  0.000143429 0.00066914828
   4978.5107 8.2477462e-05 0.0010996853
    5058.335 0.00013042807 0.0011447706
    5139.439 0.00036936952 0.0013963473
   5221.8433 0.00081456843 0.0013007408
   5305.5688 0.00076733716 0.00024364641
   5390.6372  0.000557472 0.00071514671
   5477.0693 0.00085126696 0.00065390422
   5564.8872 0.00090750569 0.00049338932
   5654.1133 0.0011507054 0.0005683591
   5744.7695 0.0013078596 0.00014932362
   5836.8799 0.0012452626 -2.3420545e-05
   5930.4668 0.0012231978 -0.00031345754
   6025.5547 0.0011116219 -0.00033074938
    6122.167 0.0010478358 -0.0006251224
   6220.3281 0.0008893545 -0.00087019289
    6320.063 0.00066700781 -0.00092008553
   6421.3975 0.00040045445 -0.00097028993
   6524.3564 0.00018341021 -0.0010421905
   6628.9663 0.0011279919 -0.001433284
   6735.2534 -0.00020059162 -0.0010494866
   6843.2451 -0.00067828881 -0.0016660622
   6952.9678 -0.00070101541 -0.0011285526
   7064.4497 -0.001035166 -0.00047309205
   7177.7192 -0.000767686 -0.00029904838
   7292.8052 -0.00081258744 -0.00028644511
   7409.7363 -0.00092330866 -0.00011930889
    7528.542 -0.00082770642 0.00012109445
   7649.2524 -0.00074824394 0.0003009811
   7771.8989 -0.00055655371 0.00043534942
   7896.5117 -0.00045331891 0.00050215877
   8023.1221 -0.00031276786 0.0005719355
   8151.7627 -0.00015508544 0.00058288698
   8282.4658 -1.6573564e-05 0.00056355592
   8415.2646 0.00012396785 0.00051003683
   8550.1934 0.00022273483 0.00041971981
   8687.2852 0.00029341344 0.00034226215
   8826.5742 0.00033942438 0.00024387865
   8968.0977 0.00035972756 0.00014277302
   9111.8896 0.00036598521 4.5468892e-05
   9257.9873 0.00033839481 -4.0505332e-05
   9406.4277 0.00028929365 -0.00011671686
    9557.248 0.00023544775 -0.00017905235
   9710.4863 0.00017222174 -0.00021705522
   9866.1816 9.6893687e-05 -0.00024199707
   10024.374 2.498156e-05 -0.00024841726
   10185.103 -3.9635284e-05 -0.00022395812
   10348.407 -0.00010647545 -0.00020405173
   10514.331 -0.00016725333 -0.00016651834
   10682.915 -0.0002091701 -9.2902119e-05
   10854.202 -0.00023311781 -9.1469183e-06
   11028.236 -0.00022094845 8.5793785e-05
    11205.06 -0.00016189003 0.00017875772
   11384.719 -6.1076025e-05 0.00024442465
   11567.259 0.00018183357 0.0001994848
   11752.726 0.0002115134 7.7286262e-07
   11941.165 0.00013595413 -0.00013886039
   12132.627 -3.0808111e-05 -0.00012845386
   12327.158 -6.6714747e-05 -1.5480313e-05
   12524.809 -1.2088039e-05 1.1171171e-05
   12725.629 -3.7404832e-06 6.7631055e-07
   12929.668 -2.9111875e-06 -6.1578703e-07
   13136.979 -2.3300013e-06 9.5729263e-07
   13347.614 -9.7840359e-07 1.1482962e-06
   13561.626 -6.5662499e-07 7.6172631e-07
    13779.07 -1.3855858e-07 4.3754693e-07
       14000 8.558807e-08 1.8935856e-07