   21.603205 -0.00038167689 -0.00071328296
   21.949585 -0.00039049977 -0.00064215553
   22.301519 -0.0003906028 -0.00071445934
   22.659096 -0.00041899484 -0.00070551038
   23.022406 -0.00043818672 -0.00072547217
   23.391541 -0.00044463549 -0.00071600452
   23.766596 -0.00047292822 -0.00071494764
   24.147663 -0.00044063889 -0.00073074072
    24.53484 -0.00047297776 -0.0007055609
   24.928226 -0.00047301233 -0.00073774572
   25.327919 -0.00051262719 -0.00074355613
    25.73402 -0.00049568713 -0.00076141563
   26.146633 -0.00057367038 -0.00069682335
   26.565861 -0.00055834936 -0.00074361236
   26.991812 -0.00054501893 -0.00083969749
   27.424591 -0.00053331128 -0.00069536665
   27.864309 -0.00060746423 -0.00074797042
   28.311079 -0.00060312374 -0.00076640537
   28.765013 -0.00057618751 -0.00077406253
   29.226223 -0.00058697147 -0.0007618813
   29.694828 -0.00062787451 -0.00077294593
   30.170948 -0.0006004856 -0.00075912272
   30.654701 -0.00064116996 -0.00081454526
   31.146212 -0.00064353971 -0.00079590542
   31.645601 -0.00066593668 -0.00082142057
      32.153 -0.00069003185 -0.00077170768
   32.668533 -0.00068361894 -0.0008098915
   33.192329 -0.00069536502 -0.00079360185
   33.724529 -0.00070908904 -0.00076443708
   34.265259 -0.00070169003 -0.00080986239
   34.814659 -0.00076554279 -0.00079455774
   35.372868 -0.00075747306 -0.00078010675
   35.940029 -0.00076227298 -0.00078135222
   36.516281 -0.00079103897 -0.00080835109
   37.101772 -0.0007759055 -0.00080631167
   37.696655 -0.00080778735 -0.00077588751
   38.301075 -0.00081110507 -0.00077081064
   38.915184 -0.00080355466 -0.00078016048
   39.539139 -0.00083765219 -0.00078660977
     40.1731 -0.00089485745 -0.0007632419
   40.817226 -0.00086666882 -0.00080238335
   41.471676 -0.00086277863 -0.00080781127
   42.136623 -0.0008726524 -0.00079272868
   42.812233 -0.00089552085 -0.00080709084
   43.498672 -0.00090142654 -0.0007814921
   44.196117 -0.00093308574 -0.00077861233
   44.904747 -0.00092535396 -0.00078884506
   45.624741 -0.00096052751 -0.00078563619
   46.356274 -0.00096080767 -0.00078142161
   47.099541 -0.00098786596 -0.00080200378
   47.854721 -0.0010077185 -0.00078400871
   48.622013 -0.0009970105 -0.00078441453
   49.401604 -0.0010161651 -0.00078690972
   50.193699 -0.0010313247 -0.00075313001
   50.998489 -0.0010556632 -0.00074240804
   51.816189 -0.0010468125 -0.00076211762
   52.646996 -0.0010548072 -0.00076487818
   53.491123 -0.0010581529 -0.00074012298
   54.348785 -0.0011138836 -0.00076340348
     55.2202 -0.0010842121 -0.00075718819
   56.105587 -0.001099574 -0.00071714073
   57.005169 -0.0011170632 -0.0007219917
   57.919178 -0.0011048359 -0.00074344769
   58.847839 -0.0011323912 -0.00071761099
   59.791389 -0.0011570139 -0.00071924843
   60.750069 -0.0011483978 -0.00072555203
   61.724121 -0.0012005486 -0.00071526214
   62.713791 -0.001189712 -0.00068911782
   63.719326 -0.0012047957 -0.00071520091
    64.74099 -0.0012000675 -0.00069294096
    65.77903 -0.001224239 -0.00069759518
    66.83371 -0.0012416677 -0.00070668128
   67.905304 -0.0012470094 -0.00068439503
    68.99408 -0.001265649 -0.00068139797
   70.100319 -0.0012548192 -0.00067979377
   71.224289 -0.0012833182 -0.00068017142
    72.36628 -0.0012944258 -0.00066503114
   73.526581 -0.0012995332 -0.00066943472
    74.70549 -0.0013053804 -0.0006584095
   75.903297 -0.001312932 -0.00065055239
   77.120308 -0.0013262031 -0.00065086287
   78.356834 -0.0013457729 -0.00063422957
    79.61319 -0.0013373093 -0.00063702458
   80.889687 -0.0013560241 -0.00062091631
   82.186653 -0.0013609995 -0.00062364992
    83.50441 -0.001377343 -0.00062500121
     84.8433 -0.0013803141 -0.00060772331
   86.203659 -0.0013913895 -0.00060263299
   87.585823 -0.0014041723 -0.00059706339
    88.99015 -0.0014127245 -0.00059456629
      90.417 -0.0014323937 -0.00057837082
   91.866722 -0.0014371828 -0.00057433493
   93.339691 -0.0014459469 -0.00056784763
   94.836273 -0.0014551516 -0.00056211842
   96.356857 -0.0014588501 -0.00054060604
   97.901817 -0.001475788 -0.0005473381
    99.47155 -0.0014865549 -0.00053891673
   101.06645 -0.0014835153 -0.00053586799
   102.68693 -0.0014950865 -0.00052013219
   104.33338 -0.001511268 -0.00051482971
   106.00623 -0.0015154483 -0.00050544343
   107.70591 -0.001526637 -0.0005033128
   109.43284 -0.0015314134 -0.00049983861
   111.18746 -0.0015395309 -0.00048224107
   112.97021 -0.0015537716 -0.00047817238
   114.78155 -0.0015706359 -0.00046819134
   116.62193 -0.0015602179 -0.00045622021
   118.49181 -0.001580847 -0.00045593557
   120.39168 -0.0015933885 -0.00044089189
   122.32201 -0.001593516 -0.00042932321
   124.28329 -0.0016024769 -0.000425718
   126.27602 -0.0016141484 -0.00042306352
   128.30069 -0.0016255094 -0.00041222654
   130.35783 -0.0016309436 -0.00040567986
   132.44795 -0.0016411376 -0.00039250063
   134.57159 -0.0016452239 -0.00038529534
   136.72928 -0.0016642348 -0.00037235671
   138.92157 -0.0016599417 -0.00036182438
     141.149 -0.0016728351 -0.00035598193
   143.41214 -0.0016796944 -0.000343358
   145.71158 -0.0016873705 -0.00033001642
   148.04788 -0.0016909292 -0.00031486657
   150.42165 -0.0017025841 -0.00031205529
   152.83347 -0.0017088701 -0.00030406614
   155.28395 -0.0017156146 -0.000290717
   157.77374 -0.0017250906 -0.00027812776
   160.30344 -0.0017393503 -0.0002683613
    162.8737 -0.0017412596 -0.00025627585
   165.48518 -0.0017524948 -0.00024865818
   168.13853 -0.0017577781 -0.00023597339
   170.83443 -0.0017678813 -0.00022801675
   173.57353 -0.0017736956 -0.00021292779
   176.35657 -0.0017819906 -0.00019559602
   179.18423 -0.0017881558 -0.00018731167
   182.05722 -0.0017990409 -0.00017636534
   184.97629 -0.0018087183 -0.00015709344
   187.94214 -0.0018158116 -0.000150263
   190.95557 -0.001828389 -0.0001350836
   194.01729  -0.00182891 -0.00012733249
   197.12811 -0.001839347 -0.00011248259
   200.28882 -0.0018467384 -8.5821324e-05
    203.5002 -0.0018484795 -8.2097933e-05
   206.76306 -0.0018597742 -6.2162217e-05
   210.07826 -0.0018619311 -4.8382542e-05
   213.44659 -0.0018729186 -2.9720206e-05
   216.86894 -0.0018749206 -1.7590542e-05
   220.34616 -0.0018815863 -4.3239197e-06
   223.87914 -0.0018905251 1.7372829e-05
   227.46877 -0.0018972253 3.4515779e-05
   231.11594 -0.0019018276 4.8617123e-05
   234.82159 -0.0019065625 6.3950683e-05
   238.58665 -0.001909846 8.3021652e-05
   242.41209 -0.0019135303 9.9357727e-05
   246.29887 -0.0019215869 0.00011906397
   250.24797 -0.001925956 0.00014217642
   254.26038 -0.0019270666 0.00015214831
   258.33713 -0.0019363218 0.0001718461
   262.47925 -0.0019358335 0.00019087186
   266.68777 -0.0019410565 0.00020809974
   270.96378 -0.0019428807 0.00022951906
   275.30832 -0.0019471839 0.00024957451
   279.72256 -0.0019493013 0.00026977013
   284.20755 -0.0019528285 0.00029412506
   288.76447 -0.0019550435 0.00031138241
   293.39444 -0.0019533071 0.00033301127
   298.09866 -0.0019548165 0.00035221025
    302.8783 -0.0019597143 0.00037252638
   307.73456 -0.0019564922 0.00039912859
    312.6687 -0.001959831 0.00042153476
   317.68195 -0.0019597402 0.0004428626
   322.77557 -0.0019605281 0.00046494909
    327.9509 -0.0019544477  0.000489628
   333.20917 -0.0019532933 0.00051325135
   338.55176 -0.0019497166 0.00053688663
   343.98001 -0.0019480389 0.00056320312
    349.4953 -0.0019471504 0.0005824496
   355.09903 -0.0019424385 0.00060507836
   360.79257 -0.0019405512 0.00063147797
   366.57745 -0.0019335162 0.00065824069
   372.45505 -0.0019289382 0.00068076508
   378.42691 -0.0019258647 0.00070442131
   384.49451 -0.0019200911 0.00073213666
   390.65939 -0.0019138518 0.00075715885
   396.92313 -0.0019060569 0.00078431331
   403.28729 -0.0018985543 0.00080763316
   409.75348 -0.001891703 0.00083187013
   416.32336 -0.0018859464 0.00085367903
    422.9986  -0.00187501 0.0008808914
   429.78085 -0.0018663344 0.00091093325
   436.67184 -0.0018572704 0.00093797286
   443.67334 -0.0018452207 0.00096295774
   450.78708 -0.0018344428 0.0009917292
   458.01489 -0.0018193191 0.0010166145
   465.35858 -0.0018079049 0.0010434377
   472.82001 -0.0017978608 0.0010718375
   480.40109 -0.0017817584 0.0010951218
   488.10373 -0.0017650726  0.001126191
   495.92984 -0.0017486125 0.0011482742
   503.88147 -0.0017386411 0.0011807299
   511.96057 -0.0017201934 0.0012050892
   520.16919 -0.0017026586 0.0012338076
   528.50946 -0.0016846076 0.0012598938
   536.98346 -0.0016659653 0.0012867096
   545.59332 -0.0016453078 0.0013135556
   554.34125 -0.0016261385 0.0013394518
   563.22937 -0.0016044239 0.0013655568
   572.26007 -0.0015806479 0.0013913399
   581.43555 -0.001557144 0.0014131396
   590.75812 -0.0015349491 0.0014365241
   600.23016 -0.0015121346 0.0014546912
   609.85413 -0.0015049587 0.0014745565
   619.63239 -0.001490346 0.0015134022
   629.56738 -0.0014651156 0.0015512388
   639.66174 -0.0014374238 0.0015824413
   649.91791 -0.0014146436 0.0016096974
    660.3385 -0.0013125761 0.0016010155
   670.92621 -0.0011364375 0.0019712611
   681.68365 -0.0012740626 0.0016637613
   692.61365 -0.0012585749  0.001698165
   703.71881 -0.0012311439 0.0017266393
   715.00208 -0.0012002846 0.0017519904
   726.46619 -0.0011694854 0.0017775708
    738.1142 -0.0011394377 0.0018035393
   749.94891 -0.0011009056 0.0018307514
   761.97339 -0.0010679307 0.0018600125
   774.19067 -0.0010261117 0.0018732597
   786.60388 -0.0010066796  0.001926161
   799.21606 -0.00083508732  0.002010942
   812.03052 -0.00072842179 0.0016927643
   825.05042 -0.00098893722 0.0017378067
   838.27905 -0.0010285999 0.0019274433
   851.71979 -0.0011268294 0.0020913326
   865.37604 -0.00048740554 0.0025639411
   879.25128 -0.00030569042 0.0019235064
     893.349 -0.00049914466 0.0018898337
   907.67273 -0.00055462751 0.0019070522
   922.22607 -0.00052618724 0.0019599048
   937.01282 -0.00049895281 0.0019862989
   952.03668 -0.00045722729 0.0020152587
   967.30139 -0.00041077315 0.0020420596
   982.81085 -0.00035215614 0.0020518955
   998.56897 -0.00030861178 0.0020620446
   1014.5798 -0.00025452272 0.0020753788
   1030.8473 -0.00020673918 0.0020833691
   1047.3756 -0.00015321145 0.0021012721
   1064.1689 -0.0001003529 0.0021184266
   1081.2316 -3.249486e-05 0.0021435427
   1098.5677 0.00017182509 0.0019124963
    1116.182 0.00010624207 0.0021039885
   1134.0785 0.00038960262  0.002045607
   1152.2621 0.00014071002 0.0018444725
   1170.7372 0.0009533292 0.0019855839
   1189.5084 0.00025165046 0.0019965118
   1208.5807 0.00030286261 0.0020532992
   1227.9587 0.00037414453  0.002059768
   1247.6476 0.00047498604 0.0020410891
    1267.652 0.0005336809 0.0020066188
   1287.9773 0.00059184438 0.0019695833
   1308.6283 0.00062909466 0.0019138086
   1329.6106 0.00026592854 0.0018449549
   1350.9292 0.00076301437 0.0020133532
   1372.5896 0.00081014069 0.0019660513
   1394.5974 0.00084370148 0.0019177269
    1416.958 0.00094929856 0.0020743222
   1439.6771 0.0010521468 0.0019488537
   1462.7606 0.0011300322 0.0018939415
   1486.2141 0.0012112826 0.0018509316
   1510.0437 0.0012506068 0.0018075032
   1534.2554 0.0013054666 0.0017777563
   1558.8552 0.0013847959  0.001742362
   1583.8495 0.0015398981 0.0016908417
   1609.2445 0.0015995101 0.0016598485
   1635.0468 0.0016548156 0.0016286827
   1661.2627 0.0021195286 0.0014701452
   1687.8989  0.001674925 0.0010312686
   1714.9623  0.001857685 0.0010162698
   1742.4595 0.0016920497 0.0011732448
   1770.3977 0.0018024121 0.0011636295
   1798.7838 0.0018679814 0.0010917353
    1827.625 0.0020283549 0.0010276354
   1856.9287 0.0019681649 0.0010384202
   1886.7023 0.0016913564 0.00092195196
   1916.9531 0.0023077156 -5.4524255e-05
   1947.6891 0.0021136189 0.00088437618
   1978.9178 0.0024578103 0.0005418731
   2010.6473 0.0020318124 0.00037230481
   2042.8855  0.002195637 0.00041356799
   2075.6406 0.0022772155 0.00030114123
   2108.9209 0.0023273423 0.00021467784
   2142.7349 0.0023558836 4.9155893e-05
   2177.0908 0.0024368034 -0.00024887998
   2211.9978 0.0021745008 -0.00019762207
   2247.4644 0.0023091792 -0.00023853022
   2283.4998  0.002386872 -0.00040809769
   2320.1128 0.0022502877 -0.00059175247
   2357.3127 0.0024823793 -0.00070078782
   2395.1094 0.0024111466 -0.00087416364
    2433.512 0.0022488176 -0.00093660963
   2472.5303 0.0024116938 -0.00093696674
   2512.1741 0.0023615863 -0.0012496468
   2552.4536 0.0025522208 -0.0012080994
   2593.3792 0.0024623873 -0.0018275669
   2634.9607 0.0023246473 -0.001953172
    2677.209 0.0022258242 -0.0020698132
   2720.1348 0.0020671466  -0.00264927
   2763.7485 0.0020770675 -0.0026538998
   2808.0618 0.0015849884  -0.00308619
   2853.0857  0.001698507 -0.0032795637
   2898.8313 0.00027516938 -0.0031812522
   2945.3103 0.00086309511 -0.0032256038
   2992.5347 0.00086173508 -0.0038240177
   3040.5164 0.00030518064 -0.0036865796
   3089.2671 -0.00028388418 -0.0045536282
   3138.7996 -0.0024616465 -0.0033891117
   3189.1265 -0.00070048613 -0.0024068519
     3240.26 -0.00081120228 -0.0032180576
   3292.2136 -0.001195672 -0.0037122916
        3345 -0.0012162807 -0.0040207626
   3398.6328 -0.0016860488 -0.0045330133
   3453.1257 -0.0026409989 -0.0053350097
   3508.4922 -0.0042283894 -0.0066181798
   3564.7466 -0.0092942771 -0.0084591117
   3621.9028 -0.0098498622 1.7385175e-05
   3679.9753 -0.010131722  0.034698434
   3738.9792  0.004795989   0.01000085
    3798.929 0.0034056529 0.0047845026
   3859.8401 0.0031664786 0.0038074122
   3921.7278 0.0024353215 0.0015708905
   3984.6079 0.0019138741 0.00076059019
   4048.4961 0.0011891096 -9.6390177e-06
   4113.4087 0.00063560472 0.00034833865
   4179.3618 0.00050750247 -0.00086294848
   4246.3726 2.7353157e-05 -0.00013149263
    4314.458 -0.0001368347 0.00012661477
   4383.6348 -0.00013899477 -0.000558061
   4453.9209 -0.0017440297 -0.00057371688
    4525.334 -0.0011816792 0.00087281916
   4597.8921 -0.00090833579 0.0010811078
   4671.6133 -0.00052677433 0.0012557568
   4746.5171 0.00042394525 0.0019549942
   4822.6216 -0.00023243285 0.0015132027
   4899.9463 0.00020319181 0.00071026938
   4978.5107 8.7514236e-05 0.0011580589
    5058.335 0.00010784454 0.0010717557
    5139.439 0.00036101267 0.0013938227
   5221.8433 0.00093455269 0.0013156554
   5305.5688 0.00082808314 0.0003155428
   5390.6372 0.00058234925 0.00069909467
   5477.0693 0.00081939349 0.00064555992
   5564.8872 0.00092245603 0.00053858414
   5654.1133 0.0011577356 0.00064180669
   5744.7695 0.0013574624  0.000154404
   5836.8799  0.001276859 -4.4103676e-06
   5930.4668 0.0012544336 -0.00035708654
   6025.5547 0.0011151526 -0.0004018133
    6122.167 0.0011046021 -0.00061526691
   6220.3281 0.00090860715 -0.00086417783
    6320.063 0.00067994173 -0.00095593755
   6421.3975 0.00036040699 -0.00098389213
   6524.3564 1.8647636e-06 -0.0010210009
   6628.9663 0.0011438226 -0.0013810241
   6735.2534 -0.00020143909 -0.0010468881
   6843.2451 -0.00069468422 -0.0014418467
   6952.9678 -0.00079186464 -0.0012414057
   7064.4497 -0.0010720039 -0.00053244137
   7177.7192 -0.00079098518 -0.00030333374
   7292.8052 -0.00084830186 -0.00025943769
   7409.7363 -0.00093111547 -0.0001207383
    7528.542 -0.00084188307 0.00012671358
   7649.2524 -0.00075865572 0.00030694922
   7771.8989 -0.00056889985 0.00043925919
   7896.5117 -0.00046038424 0.00052004488
   8023.1221 -0.00031649246 0.00058164186
   8151.7627 -0.00015370687 0.00059851445
   8282.4658 -1.5234845e-05 0.00057455228
   8415.2646 0.00012699541 0.00052651105
   8550.1934 0.00022707417 0.00042737482
   8687.2852 0.00030165107 0.00034758705
   8826.5742 0.00034951829 0.00024813873
   8968.0977 0.00036566102 0.00014230282
   9111.8896 0.00037516683 4.7266538e-05
   9257.9873 0.00034380201 -4.5320878e-05
   9406.4277 0.00029716105 -0.00011930242
    9557.248 0.00023865742 -0.00018039647
   9710.4863 0.00017211557 -0.00022544205
   9866.1816 9.9567871e-05 -0.00024630476
   10024.374 2.4326573e-05 -0.00025275242
   10185.103 -3.7588245e-05 -0.00023261098
   10348.407 -0.00011094167 -0.00020905383
   10514.331 -0.00017107342 -0.00016775067
   10682.915 -0.00021154441 -9.3154558e-05
   10854.202 -0.00023911423 -9.077743e-06
   11028.236 -0.00022421234 8.9107773e-05
    11205.06 -0.00015881471 0.00018746458
   11384.719 -6.8950168e-05 0.00024979553
   11567.259 0.00017894679 0.00018451989
   11752.726 0.00022019917 -3.5854184e-06
   11941.165 0.00013982215 -0.00013674695
   12132.627 -3.0188634e-05 -0.00012925177
   12327.158 -6.7159657e-05 -1.6767106e-05
   12524.809 -1.2529092e-05 1.0986954e-05
   12725.629 -4.4048124e-06 1.3674994e-06
   12929.668 -2.2858476e-06 -4.7006353e-07
   13136.979 -1.8160441e-06 6.7338573e-07
   13347.614 -1.2542833e-06 7.9292494e-07
   13561.626 -8.0565633e-07 6.8852285e-07
    13779.07 -3.9794028e-07 3.9717412e-07
       14000 -4.595827e-08 2.4535558e-07