   10.559715  0.024512677 0.00063856767
   10.729028  0.022264028 -0.045897406
   10.901054 0.0015453383  0.031865209
   11.075839  0.021965189  -0.16502672
   11.253426 0.0048800725 0.0090927491
   11.433861 0.0055146292 -0.0066674217
   11.617188  0.015238854  -0.00475174
   11.803455 -0.010922633  0.011182397
   11.992708  0.043232843 -0.0070571406
   12.184997  0.022616297  0.018584885
   12.380368  0.033647504  0.026721077
   12.578872 -0.013835248  0.019218683
   12.780558  0.032000404 -0.0026624613
   12.985478 -0.021967288 0.0010306195
   13.193684 0.0038372248 0.00040253717
   13.405228 0.0013491114 -0.0017735153
   13.620164 0.0016502081 0.0024265887
   13.838547 0.0072070244 -0.036013447
   14.060431 0.0013099308 -0.0038605782
   14.285872 -0.017500335 0.00061403093
   14.514928 -0.00019752615 0.0070785526
   14.747656  0.003529808 -0.0024570443
   14.984117 -0.00034253017 -0.0045419517
   15.224368 -0.0055005103 0.00081924355
   15.468472 -0.0028594327 0.0075182584
   15.716489 0.0012099715 0.00035864508
   15.968483 -0.00055667025 0.00080969598
   16.224518 0.00060192688 0.0011710053
   16.484657 -0.0029297681 -0.001536235
   16.748968 0.0080802543 0.0028820643
   17.017517 -0.0040759472 -0.0025298547
   17.290371 -0.0033092129 -0.018935481
     17.5676 0.0059872158 -0.0043933685
   17.849276 0.00079355785 0.0068105846
   18.135466  0.053646486  0.016450617
   18.426245  0.007286536 0.0086284364
   18.721687 -0.0024305396 0.0091605028
   19.021866 -0.040504511 -0.033836175
   19.326859 0.0029741062 -0.0040045385
    19.63674 0.0010573439 -0.0031592378
    19.95159 -0.0025923743 0.0024831367
   20.271488 -0.0032588025 -0.0035936432
   20.596518 -0.0087774806 0.0016521722
   20.926756  0.032099385 0.0040630982
   21.262291 -0.063045084  0.011638617
   21.603205  -0.02189257  0.048383866
   21.949585   0.11322168  0.054793701
   22.301519   -0.1351826 -0.024429593
   22.659096 0.0030750583 -0.018284768
   23.022406 0.0021181782  0.016811645
   23.391541  0.018355619 0.0011643054
   23.766596  0.012596328 -0.024290765
   24.147663 -0.0044173426  0.027552947
    24.53484 -0.0011331945  0.054495666
   24.928226  0.036334943  -0.07986559
   25.327919 -0.0061684186  0.017125845
    25.73402 -0.0021106026 -0.0030092932
   26.146633 -0.00049119687 -0.0007622639
   26.565861 -0.00053178309 -0.00075467111
   26.991812 -0.00056630676 -0.00076546043
   27.424591 -0.00060010451 -0.00073987513
   27.864309 -0.00055643631 -0.00073816819
   28.311079 -0.00058164966 -0.00075199315
   28.765013 -0.00058494939 -0.0007669836
   29.226223 -0.00056756253 -0.00078815443
   29.694828 -0.00057894341 -0.00076940039
   30.170948 -0.00060146907 -0.00075829733
   30.654701 -0.00067487964 -0.00078783912
   31.146212 -0.00066894986 -0.0007918551
   31.645601 -0.00067212532 -0.00077624194
      32.153 -0.00067579706 -0.00077566237
   32.668533 -0.00067740923 -0.00080754037
   33.192329 -0.00069998292 -0.00079898618
   33.724529 -0.00068675197 -0.00078896846
   34.265259 -0.00072332425 -0.0008029337
   34.814659 -0.00073354517 -0.00077386986
   35.372868 -0.00073140778 -0.00081218634
   35.940029 -0.00075442553 -0.0008030124
   36.516281 -0.0007742318 -0.00079252099
   37.101772 -0.00079969387 -0.00078228337
   37.696655 -0.00077472662 -0.00080065022
   38.301075 -0.00079547579 -0.0007955195
   38.915184 -0.0008093582 -0.00081739726
   39.539139 -0.00080862868 -0.00081892562
     40.1731 -0.00083372835 -0.00080114487
   40.817226 -0.00086122419 -0.00077988411
   41.471676 -0.00089055655 -0.00082020555
   42.136623 -0.00087123387 -0.0007744279
   42.812233 -0.00088899018 -0.0007983268
   43.498672 -0.00092646293 -0.0008273361
   44.196117 -0.000918968 -0.00078058796
   44.904747 -0.00091786194 -0.00077601208
   45.624741 -0.0009901264 -0.00078384852
   46.356274 -0.00097574666 -0.00082891941
   47.099541 -0.0009463054 -0.00077336677
   47.854721 -0.00097127538 -0.00076767651
   48.622013 -0.0010427324 -0.0007641089
   49.401604 -0.0010642835 -0.00077234471
   50.193699 -0.0010061858 -0.00078993809
   50.998489 -0.0010441471 -0.00075711042
   51.816189 -0.0010337931 -0.00077291176
   52.646996 -0.0010701955 -0.00078596571
   53.491123  -0.00106492 -0.00076328777
   54.348785 -0.0010807918 -0.00074922526
     55.2202 -0.0011283483 -0.00075438374
   56.105587 -0.0010988201 -0.00077028049
   57.005169 -0.0010996845 -0.0007380704
   57.919178 -0.0011459752 -0.00074233563
   58.847839 -0.0011504662 -0.00075982744
   59.791389 -0.0011460524 -0.00077394547
   60.750069 -0.0011817331 -0.00075005117
   61.724121 -0.0011705236 -0.00073106395
   62.713791 -0.0012213603 -0.00072261837
   63.719326 -0.0011948498 -0.00070911215
    64.74099 -0.0012131939 -0.00071621488
    65.77903 -0.0012181011 -0.00069647696
    66.83371 -0.001223857 -0.00070498098
   67.905304 -0.0012419757 -0.00070486229
    68.99408 -0.0012586367 -0.00069187116
   70.100319 -0.0012786718 -0.00069115544
   71.224289 -0.0012760174 -0.00068418152
    72.36628 -0.0012938441 -0.00068505475
   73.526581 -0.0013042724 -0.00067140174
    74.70549 -0.0013080918 -0.00067048543
   75.903297 -0.0013184935 -0.00067409012
   77.120308 -0.0013353225 -0.00065404002
   78.356834 -0.001347833 -0.0006621278
    79.61319 -0.0013371621 -0.00064184843
   80.889687 -0.0013528159 -0.00062699203
   82.186653 -0.0013587027 -0.00063448766
    83.50441 -0.0013904062 -0.00063176831
     84.8433 -0.0013936402 -0.00061568501
   86.203659 -0.0014082473 -0.00061972573
   87.585823 -0.0014014672 -0.00060474646
    88.99015 -0.0014073033 -0.00060586788
      90.417 -0.0014277459 -0.00059782842
   91.866722 -0.0014348545 -0.00059296563
   93.339691 -0.0014471154 -0.00057711184
   94.836273 -0.0014524979 -0.00058788888
   96.356857  -0.00146791 -0.0005649348
   97.901817 -0.0014800301 -0.00056550652
    99.47155 -0.0014913275 -0.00054769317
   101.06645 -0.0015011139 -0.0005563302
   102.68693 -0.0015125843 -0.00054154266
   104.33338 -0.0015190679 -0.00052495045
   106.00623 -0.0015154731 -0.00051862205
   107.70591 -0.0015298125 -0.00050983921
   109.43284 -0.0015460259 -0.00051544787
   111.18746 -0.0015519307 -0.00050596625
   112.97021 -0.0015645213 -0.00049452763
   114.78155 -0.0015680904 -0.0004794141
   116.62193 -0.0015793818 -0.00047898217
   118.49181 -0.0015744701 -0.00048175632
   120.39168 -0.0015959219 -0.00046145846
   122.32201 -0.0016015247 -0.00045504625
   124.28329 -0.001606002 -0.00044713978
   126.27602 -0.0016184484 -0.00043695376
   128.30069 -0.0016337734 -0.00043141871
   130.35783 -0.0016329905 -0.0004235146
   132.44795 -0.0016479727 -0.00040643569
   134.57159 -0.0016557247 -0.00040619064
   136.72928 -0.0016702429 -0.00039757346
   138.92157 -0.0016652236 -0.00038602823
     141.149 -0.0016920512 -0.00037217845
   143.41214 -0.0016912878 -0.00035617943
   145.71158 -0.0017087312 -0.00036067603
   148.04788 -0.0017060097 -0.00035032345
   150.42165 -0.0017201398 -0.00033141169
   152.83347 -0.0017289326 -0.00032789935
   155.28395 -0.0017387102 -0.00031046051
   157.77374 -0.0017507075 -0.0003068026
   160.30344 -0.001756067 -0.00028691566
    162.8737 -0.0017607005 -0.00028077723
   165.48518 -0.0017767645 -0.00026543942
   168.13853 -0.0017699797 -0.00026151614
   170.83443 -0.0017850487 -0.00025091018
   173.57353 -0.001793686 -0.00023979186
   176.35657 -0.0018040137 -0.00022288364
   179.18423 -0.0018135073 -0.00021869136
   182.05722 -0.0018212734 -0.00020187584
   184.97629 -0.0018292716 -0.00018425591
   187.94214 -0.0018367094 -0.00016808872
   190.95557 -0.0018454369 -0.00015597002
   194.01729 -0.0018533689 -0.00014694521
   197.12811 -0.0018607244 -0.00013087125
   200.28882 -0.001877627 -0.00011523171
    203.5002 -0.0018732812 -0.00010024747
   206.76306 -0.0018793376 -8.9208916e-05
   210.07826 -0.0018916361 -7.3562253e-05
   213.44659 -0.0018978419 -6.1936436e-05
   216.86894 -0.0019048887 -4.6270779e-05
   220.34616 -0.0019092008 -2.767049e-05
   223.87914 -0.001918313 -6.1712644e-06
   227.46877 -0.0019321385 8.3641717e-06
   231.11594 -0.0019343118 2.3827317e-05
   234.82159 -0.0019345979 4.7376667e-05
   238.58665 -0.0019437849 5.7175348e-05
   242.41209 -0.0019498577 8.2830556e-05
   246.29887 -0.001955519 9.7332544e-05
   250.24797 -0.0019619905 0.00011838521
   254.26038 -0.001968225 0.00012781179
   258.33713 -0.0019718574 0.00015417498
   262.47925 -0.0019773222 0.00016982306
   266.68777 -0.0019761061 0.00019413601
   270.96378 -0.0019791513 0.00020907303
   275.30832 -0.0019861355 0.00023267859
   279.72256 -0.0019920277 0.00025187261
   284.20755 -0.0019922063 0.00027373896
   288.76447 -0.0019958476 0.00029440745
   293.39444 -0.0019973873 0.00031826925
   298.09866 -0.0020041734 0.00033797123
    302.8783 -0.0020007293 0.00036633943
   307.73456 -0.0020024031 0.00038386227
    312.6687 -0.0020063356 0.00040351442
   317.68195 -0.0020070199 0.00042986259
   322.77557 -0.0020027696 0.00044983346
    327.9509 -0.0020045298 0.00047728256
   333.20917 -0.0020025561 0.0005014615
   338.55176 -0.0020028695 0.00052596233
   343.98001 -0.0020041177 0.00054935634
    349.4953 -0.0020012148 0.00057669799
   355.09903 -0.0019954869 0.00060037791
   360.79257 -0.0019921795 0.00062398898
   366.57745 -0.0019858989 0.00065290404
   372.45505 -0.0019837553 0.00067665026
   378.42691 -0.001978022 0.00070224371
   384.49451 -0.0019732451 0.00072894391
   390.65939 -0.001964651 0.0007530647
   396.92313 -0.0019621653 0.00078015676
   403.28729 -0.0019507835 0.0008091089
   409.75348 -0.0019462411 0.00083612313
   416.32336 -0.0019366555 0.00085868541
    422.9986 -0.0019288261 0.00088784122
   429.78085 -0.001921738 0.00091496384
   436.67184 -0.0019125036 0.0009437431
   443.67334 -0.0019015934 0.00097145961
   450.78708 -0.0018897346 0.0010022426
   458.01489 -0.0018775578 0.0010250034
   465.35858 -0.001866641 0.0010541105
   472.82001 -0.0018519934 0.0010826101
   480.40109 -0.0018379451 0.0011109241
   488.10373 -0.0018228778 0.0011375315
   495.92984 -0.0018020322 0.0011674706
   503.88147 -0.0017951357 0.0011963082
   511.96057 -0.0017746892 0.0012242342
   520.16919 -0.0017564171 0.0012517943
   528.50946 -0.0017386439 0.0012800415
   536.98346 -0.0017168091 0.0013073992
   545.59332 -0.0016973265 0.0013358186
   554.34125 -0.0016774856 0.0013636502
   563.22937 -0.0016544199 0.0013913526
   572.26007 -0.0016338002 0.0014138832
   581.43555 -0.0016095453 0.0014398923
   590.75812 -0.0015857138 0.0014648145
   600.23016 -0.0015613283 0.0014828085
   609.85413 -0.0015548229 0.0015059686
   619.63239 -0.0015417866 0.0015435709
   629.56738 -0.0015133108 0.0015841261
   639.66174 -0.0014825782 0.0016130321
   649.91791 -0.001459859 0.0016446009
    660.3385 -0.0013538295  0.001647083
   670.92621 -0.0011761365 0.0020389648
   681.68365 -0.0013135481 0.0017015588
   692.61365 -0.0013031061 0.0017377469
   703.71881 -0.0012724414 0.0017658238
   715.00208 -0.001240102  0.001789059
   726.46619 -0.001212473 0.0018203469
    738.1142 -0.0011722677 0.0018454515
   749.94891 -0.0011346111 0.0018770971
   761.97339 -0.0010959981 0.0019036924
   774.19067 -0.0010545249 0.0019227902
   786.60388 -0.0010485286 0.0019739235
   799.21606 -0.00085563224 0.0020824387
   812.03052 -0.00078237057 0.0017444689
   825.05042 -0.0010286978 0.0017894676
   838.27905 -0.0011269412 0.0019299432
   851.71979 -0.0011389813  0.002182734
   865.37604 -0.00058396708 0.0027181681
   879.25128 -0.00038737495 0.0019097475
     893.349 -0.00049919228 0.0019354468
   907.67273 -0.00054577901 0.0019551821
   922.22607 -0.00053857407 0.0020143397
   937.01282 -0.00051841285 0.0020373547
   952.03668 -0.00048473707  0.002065914
   967.30139 -0.00042561872 0.0020913426
   982.81085 -0.00037178289 0.0021054097
   998.56897 -0.00031952694 0.0021191109
   1014.5798 -0.0002663004 0.0021299815
   1030.8473 -0.000215035 0.0021397807
   1047.3756 -0.00016220144 0.0021568136
   1064.1689 -0.00010462089 0.0021752077
   1081.2316 -4.102361e-05 0.0022040165
   1098.5677 0.00017024527 0.0019605763
    1116.182 0.00010790449 0.0021586656
   1134.0785 0.00039347191 0.0021143067
   1152.2621 0.00015869996 0.0019023842
   1170.7372 0.00096008298 0.0020370628
   1189.5084 0.00025412237   0.00204942
   1208.5807 0.00031080356 0.0021050808
   1227.9587 0.00038416707 0.0021174138
   1247.6476 0.00048329681 0.0020950041
    1267.652 0.00054735184 0.0020600429
   1287.9773 0.00060480088 0.0020202594
   1308.6283 0.00064200349 0.0019669996
   1329.6106 0.00026708082 0.0018859649
   1350.9292 0.00078170927 0.0020695128
   1372.5896 0.0008318469 0.0020187823
   1394.5974 0.00086325803 0.0019700686
    1416.958 0.00097494986 0.0021307061
   1439.6771 0.0010793195 0.0020052663
   1462.7606 0.0011569924 0.0019476868
   1486.2141 0.0012424965 0.0018989504
   1510.0437 0.0012798905 0.0018535552
   1534.2554 0.0013395307 0.0018243687
   1558.8552 0.0014179907  0.001792195
   1583.8495 0.0015769167 0.0017364331
   1609.2445 0.0016412089 0.0017050277
   1635.0468 0.0016936901 0.0016689454
   1661.2627  0.002163216  0.001521918
   1687.8989 0.0017389121 0.0010470423
   1714.9623 0.0019026734 0.0010574753
   1742.4595 0.0017277311 0.0011991526
   1770.3977 0.0018504774  0.001194571
   1798.7838 0.0019194118 0.0011190258
    1827.625  0.002076749 0.0010571423
   1856.9287 0.0020102574 0.0010569657
   1886.7023 0.0017257677 0.00095200283
   1916.9531 0.0023555164 -4.1069186e-05
   1947.6891 0.0021702691 0.00091274251
   1978.9178 0.0025285645 0.0005620548
   2010.6473 0.0020788587 0.00037223467
   2042.8855  0.002255521 0.00042703157
   2075.6406 0.0023322331 0.00031307433
   2108.9209 0.0023851062 0.00021668624
   2142.7349 0.0024143497 4.9581027e-05
   2177.0908 0.0025058836 -0.00025878998
   2211.9978  0.002219422 -0.00020196856
   2247.4644 0.0023580198 -0.00023853112
   2283.4998 0.0024458796 -0.00041387376
   2320.1128 0.0023246009 -0.00061185315
   2357.3127 0.0025341844 -0.00073244702
   2395.1094 0.0024726288 -0.00089391536
    2433.512 0.0023705398 -0.00097479101
   2472.5303 0.0024517956 -0.001013593
   2512.1741 0.0024430004 -0.0012518248
   2552.4536 0.0025968077 -0.0012254646
   2593.3792 0.0025219556 -0.0018840277
   2634.9607 0.0023745541 -0.0020162284
    2677.209 0.0022693432 -0.0021160315
   2720.1348  0.002116157 -0.0026953146
   2763.7485 0.0021509212 -0.002696146
   2808.0618  0.001586355 -0.0032001447
   2853.0857  0.001703526 -0.0033775819
   2898.8313 0.00023013986 -0.0032602139
   2945.3103 0.00089156762 -0.0033140737
   2992.5347 0.00087944523 -0.0039334623
   3040.5164 0.0003416336 -0.0038045195
   3089.2671 -0.00032654993 -0.0047455751
   3138.7996 -0.0026357463 -0.003651466
   3189.1265 -0.00072463683 -0.0025199489
     3240.26 -0.00087929395 -0.0033181412
   3292.2136 -0.0012008897 -0.0037896449
        3345 -0.0012886357 -0.0041079908
   3398.6328 -0.0017539265 -0.0046013165
   3453.1257 -0.0027371745 -0.0055088527
   3508.4922 -0.0042731962 -0.0067727929
   3564.7466 -0.009459666 -0.0087270886
   3621.9028  -0.01002587 9.0398535e-06
   3679.9753 -0.010760162  0.036056675
   3738.9792 0.0050255945  0.010247859
    3798.929 0.0034868009  0.004916572
   3859.8401 0.0032552746 0.0038916743
   3921.7278 0.0024989913 0.0016033406
   3984.6079 0.0019564708 0.0007714745
   4048.4961 0.0012072484 1.662537e-06
   4113.4087 0.00064824003 0.00033240652
   4179.3618 0.00051756063 -0.00084077113
   4246.3726 3.7303165e-05 -0.00012893004
    4314.458 -0.00013712134 0.0001587092
   4383.6348 -0.00015218793 -0.00056588388
   4453.9209 -0.0017242021 -0.00065918663
    4525.334 -0.0012096601 0.00091655191
   4597.8921 -0.00091878872 0.0011425531
   4671.6133 -0.00052687916 0.0012922917
   4746.5171 0.00048352664 0.0019861301
   4822.6216 -0.00021342903  0.001555481
   4899.9463 0.00020187971 0.00067333103
   4978.5107 8.2923449e-05 0.0011822516
    5058.335 0.00013322895 0.0010184534
    5139.439 0.00031706339 0.0014426147
   5221.8433 0.00078479806 0.0013373328
   5305.5688 0.0007209811 0.00032178473
   5390.6372 0.0005807291 0.00073883665
   5477.0693 0.00086842431 0.00066938496
   5564.8872 0.00095591962 0.00069917238
   5654.1133 0.0012168308 0.00062858529
   5744.7695  0.001395536 0.00015198386
   5836.8799 0.0013092186 -1.6710144e-05
   5930.4668 0.0012621564 -0.00032899398
   6025.5547 0.0011745553 -0.00037989652
    6122.167  0.001035945 -0.00065546663
   6220.3281 0.0009999983 -0.0009339166
    6320.063 0.00066485815 -0.0009674165
   6421.3975 0.00037311995 -0.00099982671
   6524.3564 0.00019114939 -0.00098583719
   6628.9663 0.0011854009 -0.0014830806
   6735.2534 -0.00021600963 -0.0010971043
   6843.2451 -0.0009888662 -0.0017066671
   6952.9678 -0.00070284295 -0.0011247825
   7064.4497 -0.0011081664 -0.00047482277
   7177.7192 -0.00082389481 -0.00029939794
   7292.8052 -0.00085899723 -0.00025275399
   7409.7363 -0.00094863377 -0.00012410182
    7528.542 -0.00086633879 0.00013276521
   7649.2524 -0.00078350957 0.00032047115
   7771.8989 -0.00058271625 0.00046032394
   7896.5117 -0.00046922351 0.00053411594
   8023.1221 -0.00031737715 0.00059934001
   8151.7627 -0.00015648306 0.00061280373
   8282.4658 -1.1618819e-05 0.00059286645
   8415.2646 0.00013462771 0.00053347187
   8550.1934 0.00023197042 0.00043626898
   8687.2852 0.00031023411 0.00035452459
   8826.5742 0.00035606456 0.00025327899
   8968.0977 0.00037823775 0.00014715728
   9111.8896 0.00038733578 4.3918324e-05
   9257.9873 0.00035068725 -4.4685752e-05
   9406.4277 0.0003019424 -0.00012522961
    9557.248 0.00024395241 -0.00018596402
   9710.4863 0.0001745569 -0.00023127714
   9866.1816 9.9929086e-05 -0.00025219415
   10024.374 2.3241129e-05 -0.00025762196
   10185.103 -3.6361114e-05 -0.00023511988
   10348.407 -0.00011736264 -0.00021273407
   10514.331 -0.00017634411 -0.00017021864
   10682.915 -0.00021493433 -9.5754913e-05
   10854.202 -0.0002443814 -9.0793492e-06
   11028.236 -0.00022965467 8.9796493e-05
    11205.06 -0.00016332533 0.00019192413
   11384.719 -7.07094e-05 0.00026743941
   11567.259 0.00018747132 0.00020281058
   11752.726 0.0002138765 -1.9435568e-06
   11941.165 0.0001403239 -0.00014464821
   12132.627 -2.930042e-05 -0.00013324452
   12327.158 -6.9573784e-05 -1.6797032e-05
   12524.809 -1.2797509e-05 1.131916e-05
   12725.629 -3.6753295e-06 1.8023968e-06
   12929.668 -3.3435397e-06 -3.4148132e-07
   13136.979 -1.8425515e-06 7.5871111e-07
   13347.614 -1.2845062e-06 9.5199232e-07
   13561.626 -4.1682404e-07 1.016935e-06
    13779.07 -2.7196322e-07 7.5649672e-07
       14000 1.9876848e-07 2.229681e-07