     25.9594 -1.2061019e-08 -1.9303151e-08 -1.223454e-08 -1.9151878e-08
   27.708361 -1.5088082e-08 1.338983e-09 -1.5050651e-08 1.4976083e-09
   29.575153 1.7030123e-09 1.9182565e-08 1.9167032e-09 1.9134843e-08
   31.567717 3.5011034e-09 -6.7500432e-09 3.4137624e-09 -6.7826229e-09
   33.694523 -3.4634027e-09 -3.3816161e-09 -3.5009973e-09 -3.3310388e-09
   35.964622 7.4168155e-10 1.9830642e-09 7.6769463e-10 1.9695936e-09
   38.387661 -2.410957e-10 1.6073403e-09 -2.1771944e-10 1.6081916e-09
   40.973949 1.1196464e-09 6.5126393e-10 1.129328e-09 6.3287231e-10
   43.734482 9.1273566e-10 -1.9275836e-11 9.1275137e-10 -3.3382807e-11
      46.681 2.2875374e-10 -1.25953e-10 2.2685763e-10 -1.3117636e-10
   49.826035 2.5560837e-10 5.2464335e-11 2.5526578e-10 4.7874593e-11
   53.182961 3.1958403e-10 1.2224066e-10 3.2052264e-10 1.156564e-10
   56.766048 -6.1563546e-11 -5.7907106e-11 -6.406304e-11 -5.9428677e-11
   60.590542 7.695804e-10 -6.4243964e-11 7.6268519e-10 -8.1236184e-11
   64.672699 9.0835749e-11 7.5063655e-10 1.0963976e-10 7.476173e-10
   69.029884 3.876478e-10 1.2340058e-09 4.1967788e-10 1.2219225e-09
   73.680634 1.2310856e-09 1.6107898e-09 1.2740837e-09 1.5734529e-09
   78.644707 2.3220146e-09 1.7566471e-09 2.3696749e-09 1.6824355e-09
    83.94323 3.5931227e-09 1.7626749e-09 3.6427614e-09 1.643086e-09
   89.598724 4.6037165e-09 1.158031e-09 4.6332369e-09 9.9580544e-10
   95.635246 5.9780101e-09 1.048792e-10 5.9710841e-09 -1.1447442e-10
   102.07848 7.3109456e-09 -1.2135625e-09 7.2461388e-09 -1.4967974e-09
    108.9558 8.0218969e-09 -2.8256903e-09 7.8862428e-09 -3.1528238e-09
   116.29646 8.9034637e-09 -5.0924602e-09 8.6571248e-09 -5.4802585e-09
   124.13169 8.7198879e-09 -7.3005726e-09 8.3506491e-09 -7.6963254e-09
    132.4948 8.5122158e-09 -9.9403081e-09 7.9850349e-09 -1.0345745e-08
   141.42136 7.7186533e-09 -1.2017352e-08 7.0465678e-09 -1.2401042e-08
   150.94933 6.4863803e-09 -1.4161102e-08 5.6441753e-09 -1.4495574e-08
   161.11922 5.1700106e-09 -1.6859788e-08 4.1155035e-09 -1.7129645e-08
   171.97427 3.5770868e-09 -2.142545e-08 2.1563185e-09 -2.1590372e-08
   183.56068 5.0744998e-12 -2.2278279e-08 -1.5626721e-09 -2.2200012e-08
   195.92769 -4.5177937e-09 -2.3914707e-08 -6.2934467e-09 -2.3487072e-08
   209.12791 -9.5686365e-09 -2.5550278e-08 -1.1572001e-08 -2.467835e-08
   223.21747 -1.5068329e-08 -2.3685718e-08 -1.7020517e-08 -2.2289592e-08
   238.25627 -2.0972495e-08 -2.1254257e-08 -2.2807978e-08 -1.9235797e-08
   254.30827 -2.483697e-08 -1.6633408e-08 -2.63227e-08 -1.4128019e-08
   271.44177 -2.7888325e-08 -1.1403113e-08 -2.8904818e-08 -8.4377785e-09
   289.72958 -2.7960198e-08 -5.7241811e-09 -2.8408353e-08 -2.5873792e-09
   309.24948 -2.7039697e-08 -7.2756939e-10 -2.6925674e-08 2.4760149e-09
   330.08453 -2.5381237e-08 2.3079143e-09 -2.4880812e-08 5.4922924e-09
   352.32327 -2.2791777e-08 5.1017777e-09 -2.1895346e-08 8.124454e-09
    376.0603 -2.0558735e-08 7.6513516e-09 -1.9246649e-08 1.0527097e-08
   401.39658 -1.8473997e-08 9.3848929e-09 -1.6820673e-08 1.2109413e-08
   428.43982 -1.5941122e-08 1.0373116e-08 -1.4034587e-08  1.28465e-08
   457.30505 -1.4157757e-08 1.1106944e-08 -1.2009319e-08 1.3414457e-08
   488.11502 -1.2094157e-08 1.112307e-08 -9.8202513e-09 1.3189613e-08
   521.00073 -1.1192065e-08 1.1742344e-08 -8.6469196e-09 1.3742974e-08
   556.10205 -9.1802175e-09 1.1276421e-08 -6.5930603e-09 1.2978418e-08
   593.56824 -8.1115914e-09 1.1298674e-08 -5.359329e-09 1.2853979e-08
   633.55865 -6.4544521e-09 1.0214118e-08 -3.8129171e-09 1.1482892e-08
   676.24335 -5.5492455e-09 8.7745731e-09 -3.1181184e-09 9.9187005e-09
   721.80383 -6.2767809e-09 1.1034546e-08 -3.0269824e-09 1.234877e-08
   770.43384 -4.6105764e-09 1.0839055e-08 -1.256686e-09 1.172962e-08
   822.34015 -3.811413e-09 1.0148399e-08 -4.766717e-10 1.0845392e-08
   877.74359 -3.3220626e-09 9.9920117e-09 1.6487342e-10 1.0541655e-08
    936.8797 -2.6286953e-09 9.2006829e-09 7.7495521e-10 9.5468442e-09
        1000 -2.1527711e-09 8.907759e-09 1.3372268e-09 9.0719086e-09