          20 -1.1201842e-09 -4.8781352e-09 -1.1561853e-09 -4.8624478e-09
   21.347458 3.5586278e-09 -5.0556181e-09 3.511845e-09 -5.0768403e-09
   22.785698 7.2728259e-09 -3.4347547e-09 7.2321882e-09 -3.4926979e-09
   24.320835 8.1851292e-10 -1.1496078e-08 7.0969325e-10 -1.1486082e-08
     25.9594 -1.2567924e-09 -4.3234794e-09 -1.2980134e-09 -4.3039217e-09
   27.708361 -1.1212641e-08 -2.8774501e-09 -1.1225521e-08 -2.7542002e-09
   29.575153 -4.5015573e-09 1.4759538e-08 -4.3285562e-09 1.4788349e-08
   31.567717 8.6288185e-09 -6.0814509e-10 8.6069294e-09 -7.1014272e-10
   33.694523 -4.6403748e-09 1.8482339e-09 -4.6096731e-09 1.9050839e-09
   35.964622 6.0988142e-10 3.0611693e-09 6.5079653e-10 3.0482228e-09
   38.387661 8.2167145e-10 2.308991e-09 8.5417995e-10 2.2927074e-09
   40.973949 1.3193013e-09 8.0571405e-10 1.3306235e-09 7.8400259e-10
   43.734482 1.2296152e-09 9.5232627e-11 1.2289725e-09 7.5973644e-11
      46.681 6.4190137e-10 -1.0329695e-10 6.3926264e-10 -1.1481546e-10
   49.826035 3.4797967e-10 -6.3186456e-11 3.4692055e-10 -7.0514553e-11
   53.182961 3.4594741e-10 -1.1722992e-11 3.4459927e-10 -1.8222233e-11
   56.766048 1.0979845e-10 -3.6792167e-11 1.1081341e-10 -3.9659949e-11
   60.590542 -6.3353733e-10 6.2686148e-11 -6.3109223e-10 7.8722473e-11
   64.672699 9.322923e-11 8.7108265e-10 1.1453427e-10 8.6606505e-10
   69.029884 4.5613643e-10 1.367362e-09 4.909449e-10 1.3534394e-09
   73.680634 1.2736237e-09 1.7500911e-09 1.3204868e-09 1.7107076e-09
   78.644707 2.2218014e-09 2.0289994e-09 2.2777291e-09 1.9574042e-09
    83.94323 3.821409e-09 1.7732942e-09 3.8712078e-09 1.6472395e-09
   89.598724 5.0049125e-09 1.1532723e-09 5.0346443e-09 9.7968922e-10
   95.635246 6.271327e-09 8.0824958e-11 6.261772e-09 -1.4782926e-10
   102.07848 7.5873858e-09 -1.2570675e-09 7.5227291e-09 -1.5500079e-09
    108.9558 8.7025791e-09 -3.0351295e-09 8.5569036e-09 -3.3880876e-09
   116.29646 9.6032409e-09 -5.2779492e-09 9.3455519e-09 -5.6924825e-09
   124.13169 9.1729078e-09 -7.6243012e-09 8.7879233e-09 -8.046527e-09
    132.4948 8.8381302e-09 -1.0192609e-08 8.2978406e-09 -1.0614206e-08
   141.42136 7.5674338e-09 -1.2027225e-08 6.8963733e-09 -1.2402332e-08
   150.94933 6.6077055e-09 -1.4807949e-08 5.7373133e-09 -1.5148443e-08
   161.11922 5.3889759e-09 -1.7082476e-08 4.3173198e-09 -1.7362455e-08
   171.97427 3.2283447e-09 -2.0148489e-08 1.8893895e-09 -2.0293777e-08
   183.56068 -5.827529e-12 -2.2553087e-08 -1.5910816e-09 -2.2473264e-08
   195.92769 -4.3502935e-09 -2.542259e-08 -6.2389987e-09 -2.4996639e-08
   209.12791 -9.8043671e-09 -2.5356544e-08 -1.1792428e-08 -2.4465514e-08
   223.21747 -1.5887323e-08 -2.4652113e-08 -1.7921135e-08 -2.3185116e-08
   238.25627 -2.1106469e-08 -2.1344675e-08 -2.29485e-08 -1.931417e-08
   254.30827 -2.5511207e-08 -1.6818506e-08 -2.7008847e-08 -1.4242862e-08
   271.44177 -3.0140004e-08 -1.2629741e-08 -3.127067e-08 -9.4239381e-09
   289.72958 -2.8664934e-08 -5.732951e-09 -2.9109337e-08 -2.5179356e-09
   309.24948 -2.7966077e-08 -7.7625223e-10 -2.7851906e-08 2.5368454e-09
   330.08453 -2.5675131e-08 2.391213e-09 -2.5161954e-08 5.6126277e-09
   352.32327 -2.5476126e-08 5.9110872e-09 -2.4445534e-08 9.2883052e-09
    376.0603 -2.2389063e-08 8.3409741e-09 -2.0959051e-08 1.1472679e-08
   401.39658 -1.8861916e-08 9.6415267e-09 -1.7164851e-08 1.2422434e-08
   428.43982 -1.6391295e-08 1.0626235e-08 -1.4437993e-08 1.3170219e-08
   457.30505 -1.4563827e-08 1.1419317e-08 -1.2354082e-08 1.3792535e-08
   488.11502 -1.3066321e-08 1.1935044e-08 -1.0624849e-08 1.4168855e-08
   521.00073 -1.0985101e-08 1.167647e-08 -8.4568557e-09 1.3637352e-08
   556.10205 -9.3920871e-09 1.1349824e-08 -6.7844836e-09 1.3095343e-08
   593.56824 -8.0246298e-09 1.1119746e-08 -5.3150848e-09 1.2660034e-08
   633.55865 -6.7450103e-09 1.0545551e-08 -4.0154147e-09 1.1875151e-08
   676.24335 -5.7280634e-09 9.0126369e-09 -3.2300975e-09 1.0195313e-08
   721.80383 -6.4117871e-09 1.116308e-08 -3.1218019e-09 1.2509695e-08
   770.43384 -4.6747179e-09 1.094521e-08 -1.2869724e-09 1.1850177e-08
   822.34015 -3.8665564e-09 1.0246927e-08 -4.9858084e-10 1.0956583e-08
   877.74359 -3.310225e-09 1.002268e-08 1.8607935e-10 1.056673e-08
    936.8797 -2.7019686e-09  9.43096e-09 7.8720791e-10 9.7885318e-09
        1000 -2.2756799e-09 9.4611741e-09 1.430485e-09 9.6313792e-09