          20 -2.8239882e-09 -4.2286468e-09 -2.8517966e-09 -4.2029877e-09
   22.054857 1.2409837e-08 -1.0123234e-08 1.2305085e-08 -1.0215494e-08
   24.320835 2.6547067e-09 -2.6384127e-08 2.4064541e-09 -2.6372119e-08
   26.819628 -2.2353218e-08 -2.3247921e-08 -2.2562029e-08 -2.2983556e-08
   29.575153 -1.0920915e-08 2.7812083e-08 -1.0594766e-08 2.7894032e-08
   32.613789 2.2803683e-09 -1.2201125e-08 2.124926e-09 -1.2210225e-08
   35.964622 -5.4229958e-09 3.5131746e-09 -5.3656999e-09 3.5845582e-09
   39.659729 -5.8011511e-09 4.8799786e-09 -5.7184897e-09 4.9642277e-09
   43.734482 -3.537979e-09 7.1065438e-09 -3.4225978e-09 7.1547688e-09
    48.22789   -9.933e-10 6.9898323e-09 -8.6217278e-10 6.997944e-09
   53.182961 1.3327001e-09 6.4248584e-09 1.4639483e-09 6.3960495e-09
   58.647129 1.9749515e-09 6.5441488e-09 2.1098425e-09 6.4820518e-09
   64.672699 3.0641325e-09 5.0528217e-09 3.1824126e-09 4.9701048e-09
    71.31736 4.3680459e-09 4.8147784e-09 4.4900785e-09 4.6930659e-09
   78.644707 5.3056053e-09 4.1755643e-09 5.4203202e-09 4.0041739e-09
   86.724892 6.5737122e-09 3.1964928e-09 6.6626438e-09 2.9696374e-09
   95.635246 7.7588096e-09 1.4071647e-09 7.7968192e-09 1.1273563e-09
   105.46109 8.5746796e-09 -2.8271252e-10 8.5368965e-09 -6.2823169e-10
   116.29646 8.7750882e-09 -2.7975566e-09 8.6180094e-09 -3.1903649e-09
   128.24509 7.6301516e-09 -4.9859659e-09 7.363707e-09 -5.3484182e-09
   141.42136 6.0952163e-09 -6.2749517e-09 5.7381682e-09 -6.5879475e-09
   155.95139 5.677836e-09 -9.3383346e-09 5.1062434e-09 -9.6467199e-09
   171.97427 3.8468935e-09 -9.9275548e-09 3.1819016e-09 -1.01475e-08
    189.6434 1.8074855e-09 -1.1187431e-08 9.9080621e-10 -1.1279882e-08
   209.12791 -2.0243165e-09 -1.3075939e-08 -3.0619589e-09 -1.2858267e-08
    230.6143 -6.188619e-09 -1.1820219e-08 -7.20163e-09 -1.1218452e-08
   254.30827 -9.4852899e-09 -9.4561257e-09 -1.0353601e-08 -8.4827017e-09
   280.43665 -1.0898887e-08 -4.9970956e-09 -1.1366249e-08 -3.7958832e-09
   309.24948 -1.1701426e-08 -1.5077536e-09 -1.1793939e-08 -1.1259348e-10
   341.02267 -8.7857881e-09 4.371874e-10 -8.6511944e-09 1.5777962e-09
    376.0603 -8.8469658e-09 2.2087052e-09 -8.4378398e-09 3.4569805e-09
   414.69781 -6.9676322e-09 3.035691e-09 -6.4004055e-09 4.1024921e-09
   457.30505 -5.9512288e-09 3.757767e-09 -5.2078737e-09 4.7411106e-09
   504.28989 -4.6995106e-09 3.7672923e-09 -3.8906838e-09 4.604539e-09
   556.10205 -3.7934793e-09 3.7758063e-09 -2.9116352e-09 4.4982085e-09
   613.23755 -3.1847467e-09 4.0352566e-09 -2.1598028e-09 4.6727093e-09
   676.24335 -2.5139282e-09 3.2677594e-09 -1.5940753e-09 3.8089802e-09
   745.72253 -2.0684723e-09 3.8918002e-09 -8.8785751e-10 4.3239199e-09
   822.34015 -1.4515993e-09 3.3769174e-09 -3.3307285e-10 3.6658965e-09
   906.82971 -1.346079e-09 3.6464902e-09  -2.2704e-11 3.891472e-09
        1000 -9.8572084e-10 3.063841e-09 2.327195e-10 3.2121996e-09