   27.708361 -1.6016314e-08 -3.7533625e-09 -1.6032233e-08 -3.5773029e-09
   29.575153 -1.0372727e-08 1.3350821e-08 -1.0205916e-08 1.3446941e-08
   31.567717 2.5665945e-09 -2.5300368e-09 2.5321869e-09 -2.5559057e-09
   33.694523 -1.0768868e-08 -1.5096771e-09 -1.0771561e-08 -1.3682981e-09
   35.964622 -6.3422707e-09 2.6680453e-09 -6.2951697e-09 2.7508535e-09
   38.387661 -6.1289072e-09 3.9729526e-09 -6.0605312e-09 4.0572186e-09
   40.973949 -4.9658522e-09 5.222518e-09 -4.8758082e-09 5.2919482e-09
   43.734482 -3.6082133e-09 6.3226344e-09 -3.4957297e-09 6.3734071e-09
      46.681 -2.0463595e-09 7.1539854e-09 -1.9137225e-09 7.1793864e-09
   49.826035 -3.8136619e-10 7.3774173e-09 -2.3959873e-10 7.3730697e-09
   53.182961 9.2858027e-10 6.8930697e-09 1.0675143e-09 6.8626091e-09
   56.766048 1.7938017e-09 6.1962062e-09 1.9246476e-09 6.1451133e-09
   60.590542 2.642309e-09 5.8228888e-09 2.7744764e-09 5.7533289e-09
   64.672699 3.1956164e-09 5.5403784e-09 3.3269307e-09 5.4508322e-09
   69.029884 3.9004027e-09 5.4255125e-09 4.0362806e-09 5.3123084e-09
   73.680634 4.8457998e-09 5.1224163e-09 4.9809694e-09  4.97608e-09
   78.644707 5.7563354e-09 4.6282653e-09 5.8846772e-09 4.4456399e-09
    83.94323 6.954981e-09 3.9530432e-09 7.0673489e-09 3.7217758e-09
   89.598724 7.9105531e-09 2.8658662e-09 7.9938465e-09 2.5906648e-09
   95.635246 8.5423535e-09 1.7741937e-09 8.5908889e-09 1.458896e-09
   102.07848 9.7015196e-09 3.3963207e-10 9.6917354e-09 -3.8017398e-11
    108.9558 9.9844559e-09 -1.313103e-09 9.9034123e-09 -1.7244536e-09
   116.29646 9.5204928e-09 -3.003144e-09 9.3620818e-09 -3.4234195e-09
   124.13169 9.812787e-09 -5.2411138e-09 9.5386428e-09 -5.6958145e-09
    132.4948 8.7869303e-09 -6.6114607e-09 8.4290095e-09 -7.0411708e-09
   141.42136 7.822444e-09 -7.9926252e-09 7.3674475e-09 -8.393414e-09
   150.94933 6.6823693e-09 -9.0457508e-09 6.1434204e-09 -9.4108517e-09
   161.11922 5.9773946e-09 -1.0973864e-08 5.2821338e-09 -1.1309004e-08
   171.97427 4.6938822e-09 -1.16101e-08 3.9171697e-09 -1.188038e-08
   183.56068 3.0582625e-09 -1.4807693e-08 2.0064301e-09 -1.4969727e-08
   195.92769 5.2468468e-10 -1.5547698e-08 -6.4106648e-10 -1.5526549e-08
   209.12791 -3.0356417e-09 -1.6491558e-08 -4.3430877e-09 -1.6179817e-08
   223.21747 -6.1161773e-09 -1.530775e-08 -7.3969484e-09 -1.4714843e-08
   238.25627 -1.0900664e-08 -1.5195901e-08 -1.223219e-08 -1.4126224e-08
   254.30827 -1.3112087e-08 -1.1975103e-08 -1.4204998e-08 -1.0630793e-08
   271.44177 -1.4514418e-08 -8.4402254e-09 -1.53037e-08 -6.8825581e-09
   289.72958 -1.3811136e-08 -4.7838373e-09 -1.4249737e-08 -3.2212637e-09
   309.24948 -1.4473404e-08 -2.1135649e-09 -1.4616782e-08 -3.8607906e-10
   330.08453 -1.325951e-08 -5.2541166e-10 -1.3216986e-08 1.152538e-09
   352.32327 -1.3477596e-08 1.3516603e-09 -1.3171391e-08 3.154752e-09
    376.0603 -1.1429039e-08 2.8381202e-09 -1.0903167e-08 4.451143e-09
   401.39658 -9.8049409e-09 3.6238037e-09 -9.1355927e-09 5.0850395e-09
   428.43982 -8.2084135e-09 4.0054222e-09 -7.4455535e-09 5.2955089e-09
   457.30505 -7.4052857e-09 4.5108979e-09 -6.5083081e-09 5.7369385e-09
   488.11502 -7.1334543e-09 5.2862075e-09 -6.0297669e-09 6.5261321e-09
   521.00073 -6.2024736e-09 5.3715583e-09 -5.0177054e-09 6.5018306e-09
   556.10205 -5.3780909e-09 5.4085354e-09 -4.1160324e-09 6.4316086e-09
   593.56824 -4.3300621e-09 4.9629647e-09 -3.1022915e-09 5.8195031e-09
   633.55865 -3.5430485e-09 4.5250803e-09 -2.3537312e-09 5.2520197e-09
   676.24335 -3.2425445e-09 4.2212895e-09 -2.0548045e-09 4.9190829e-09
   721.80383 -3.8710071e-09 5.4985527e-09 -2.2242717e-09 6.3567365e-09
   770.43384 -2.4172346e-09 4.7511968e-09 -9.304541e-10 5.2572235e-09
   822.34015 -2.0870297e-09 4.5066342e-09 -5.8705191e-10 4.9386149e-09
   877.74359 -1.8896649e-09 4.5912998e-09 -2.6745353e-10 4.9639879e-09
    936.8797 -1.5713366e-09 4.2115054e-09 9.8158001e-12  4.49963e-09
        1000 -1.3838485e-09 4.2802042e-09 3.1840275e-10 4.4899013e-09