          20 -4.2898378e-09 -1.2089498e-09 -4.2924677e-09 -1.1747475e-09
   21.347458 5.9366103e-09 1.7167473e-09 5.9417591e-09 1.6659778e-09
   22.785698 6.755958e-09 -9.7749142e-10 6.7370349e-09 -1.0349354e-09
   24.320835 8.7658893e-09 -5.3075571e-09 8.7022718e-09 -5.3801767e-09
     25.9594 -8.5194989e-09 -2.1768582e-08 -8.7222798e-09 -2.1650179e-08
   27.708361 -1.2339937e-08 -4.8725823e-09 -1.2372202e-08 -4.7330366e-09
   29.575153 -1.1631395e-08 9.1299048e-09 -1.150954e-08 9.246282e-09
   31.567717 1.320283e-10 -5.4231468e-09 6.6258679e-11 -5.4170193e-09
   33.694523 -7.8218134e-09 -1.303129e-09 -7.8260385e-09 -1.20111e-09
   35.964622 -4.3280375e-09 3.4335021e-09 -4.27428e-09 3.4880014e-09
   38.387661 -3.6832204e-09 3.4523859e-09 -3.6266079e-09 3.5007743e-09
   40.973949 -3.1544609e-09 3.6928733e-09 -3.0916734e-09 3.7364187e-09
   43.734482 -2.3674249e-09 4.2208228e-09 -2.2931028e-09 4.2547552e-09
      46.681 -1.5712509e-09 4.7474353e-09 -1.4835793e-09 4.7678723e-09
   49.826035 -6.0903493e-10 4.8210564e-09 -5.1569771e-10 4.8255533e-09
   53.182961 3.4776942e-10 4.5195661e-09 4.3954596e-10 4.5054129e-09
   56.766048 6.3443656e-10 3.9780739e-09  7.22778e-10 3.9561279e-09
   60.590542 1.5386459e-09 4.3991912e-09 1.6355364e-09 4.3549551e-09
   64.672699 1.1432507e-09 4.0867465e-09 1.2429756e-09 4.0505528e-09
   69.029884 1.652562e-09 4.1876471e-09 1.7610424e-09 4.1358925e-09
   73.680634 2.2313975e-09 4.4180335e-09 2.351952e-09 4.3466208e-09
   78.644707 3.1331526e-09 4.534209e-09 3.2621892e-09 4.431719e-09
    83.94323 4.4493906e-09 3.8643164e-09 4.5666351e-09 3.7135881e-09
   89.598724 5.7201146e-09 3.4002086e-09 5.8224563e-09 3.199276e-09
   95.635246 6.3522139e-09 2.4147133e-09 6.4276611e-09 2.1771294e-09
   102.07848 7.2155006e-09 1.2511173e-09 7.2492621e-09 9.6718566e-10
    108.9558 7.5295432e-09 -1.1686925e-10 7.5081559e-09 -4.3144699e-10
   116.29646 7.6324671e-09 -1.1728469e-09 7.561737e-09 -1.5115976e-09
   124.13169 7.3238668e-09 -2.1867688e-09 7.1994579e-09 -2.5352969e-09
    132.4948 7.2528774e-09 -4.3502317e-09 7.0139961e-09 -4.7075046e-09
   141.42136 6.9576149e-09 -5.9382539e-09 6.6182926e-09 -6.2988632e-09
   150.94933 6.2348571e-09 -7.0700152e-09 5.8088423e-09 -7.4127513e-09
   161.11922 6.0524057e-09 -8.3221021e-09 5.5192704e-09 -8.6699066e-09
   171.97427 5.4623115e-09 -1.0514326e-08 4.7522337e-09 -1.0840298e-08
   183.56068 3.8467447e-09 -1.143668e-08 3.0285776e-09 -1.1666629e-08
   195.92769 1.6209394e-09 -1.2511023e-08 6.7617639e-10 -1.2584651e-08
   209.12791 -1.4020616e-09 -1.4855004e-08 -2.5853861e-09 -1.4682779e-08
   223.21747 -6.3541283e-09 -1.5191425e-08 -7.6236679e-09 -1.4581921e-08
   238.25627 -8.171245e-09 -1.2974131e-08 -9.3133599e-09 -1.2165627e-08
   254.30827 -1.187188e-08 -1.175593e-08 -1.2950404e-08 -1.053465e-08
   271.44177 -1.3214679e-08 -8.6010017e-09 -1.4028982e-08 -7.1767818e-09
   289.72958 -1.3522063e-08 -5.586807e-09 -1.405155e-08 -4.0507988e-09
   309.24948 -1.3374031e-08 -2.4887921e-09 -1.3570009e-08 -8.8811364e-10
   330.08453 -1.1303496e-08 -1.1502067e-09 -1.1355315e-08 2.8558594e-10
   352.32327 -1.2368436e-08 6.9072542e-10 -1.2161552e-08 2.3507494e-09
    376.0603 -1.1050748e-08 2.1052953e-09 -1.063463e-08 3.6719245e-09
   401.39658 -9.6923056e-09 3.0985752e-09 -9.1051415e-09 4.5484052e-09
   428.43982 -7.3458413e-09 2.715018e-09 -6.8053576e-09 3.8813859e-09
   457.30505 -7.2584379e-09 3.7576409e-09 -6.4946732e-09 4.9692757e-09
   488.11502 -6.6592034e-09 4.2549662e-09 -5.7557044e-09 5.4242184e-09
   521.00073 -6.2600378e-09 5.0996447e-09 -5.1280726e-09 6.2464953e-09
   556.10205 -4.6394022e-09 4.0902353e-09 -3.6726688e-09 4.9851021e-09
   593.56824 -4.599106e-09 4.8257767e-09 -3.3956078e-09 5.7463625e-09
   633.55865 -3.7808996e-09 4.321469e-09 -2.634029e-09 5.1113118e-09
   676.24335 -2.9536238e-09 3.2471217e-09 -2.0250748e-09 3.9014689e-09
   721.80383 -3.7154935e-09 4.8345612e-09 -2.2563658e-09 5.6746585e-09
   770.43384 -2.8107805e-09 5.0337308e-09 -1.225182e-09 5.6428355e-09
   822.34015 -2.5145697e-09 5.0239239e-09 -8.3340596e-10 5.563999e-09
   877.74359 -2.068818e-09 4.8195195e-09 -3.6129535e-10 5.2389408e-09
    936.8797 -1.7256888e-09 4.3296655e-09 -9.3266436e-11 4.6645541e-09
        1000 -1.5132301e-09 4.3022039e-09 2.0656167e-10 4.5587618e-09