   21.347458 1.4843361e-09 -9.7354547e-10 1.4745364e-09 -9.842348e-10
   22.785698 3.4064966e-09 -3.0141831e-09 3.3753431e-09 -3.0391794e-09
   24.320835 2.8559211e-09 -1.3485648e-08 2.7256899e-09 -1.3491234e-08
     25.9594 -6.0835728e-09 -1.298225e-08 -6.2026206e-09 -1.2901521e-08
   27.708361 -1.820386e-08 -4.3870507e-09 -1.8221268e-08 -4.1869974e-09
   29.575153 -7.5581346e-09 1.1897006e-08 -7.4121025e-09 1.1964134e-08
   31.567717 -1.2983133e-08 -6.6951062e-09 -1.3043323e-08 -6.5275283e-09
   33.694523 -1.0980799e-08 -3.3355358e-09 -1.1006036e-08 -3.1885699e-09
   35.964622 -8.1167792e-09 3.7750247e-09 -8.0518818e-09 3.8808183e-09
   38.387661 -6.650271e-09 5.1090869e-09 -6.5642767e-09 5.1987321e-09
   40.973949 -5.749266e-09 6.6630292e-09 -5.6353238e-09 6.7429125e-09
   43.734482 -4.2810822e-09 7.7059052e-09 -4.1453658e-09 7.7651405e-09
      46.681 -2.2873714e-09 8.7839922e-09 -2.1270761e-09 8.811778e-09
   49.826035 -1.4488964e-10 8.8025534e-09 2.3179667e-11 8.7911216e-09
   53.182961 1.4625958e-09 8.2151113e-09 1.6276998e-09 8.1733269e-09
   56.766048 2.593211e-09 7.6860456e-09 2.7553124e-09 7.615049e-09
   60.590542 2.7342084e-09 7.4622672e-09 2.9038987e-09 7.3835746e-09
   64.672699 4.3546344e-09 6.6150934e-09 4.5106305e-09 6.4956058e-09
   69.029884 5.3463678e-09 6.2815482e-09   5.5028e-09 6.1283147e-09
   73.680634 6.479759e-09 5.877915e-09 6.6324541e-09 5.6835727e-09
   78.644707 7.5407884e-09 4.9881606e-09 7.6766895e-09 4.7520907e-09
    83.94323 8.8659498e-09 3.9917785e-09 8.9769543e-09 3.6993342e-09
   89.598724 9.5617798e-09 2.7485028e-09 9.6375556e-09 2.4153273e-09
   95.635246 1.0573559e-08 1.2800079e-09 1.0599663e-08 8.8897795e-10
   102.07848 1.1362864e-08 -5.922498e-10 1.1317933e-08 -1.036523e-09
    108.9558 1.1498376e-08 -2.3510269e-09 1.1376015e-08 -2.8249507e-09
   116.29646 1.1967669e-08 -4.7571063e-09 1.1729182e-08 -5.2789586e-09
   124.13169 1.1420732e-08 -6.5642185e-09 1.1075045e-08 -7.0847976e-09
    132.4948 1.0254034e-08 -8.5368512e-09 9.7949204e-09 -9.0351104e-09
   141.42136 9.0919494e-09 -1.0186837e-08 8.516678e-09 -1.0651723e-08
   150.94933 8.4587546e-09 -1.2775835e-08 7.6941129e-09 -1.3226628e-08
   161.11922 7.1173232e-09 -1.4774387e-08 6.1882597e-09 -1.5169121e-08
   171.97427 4.9528937e-09 -1.521791e-08 3.934864e-09 -1.5495106e-08
   183.56068 2.7779887e-09 -1.8662613e-08 1.455972e-09 -1.8793914e-08
   195.92769 -5.9933347e-10 -1.9884794e-08 -2.0877222e-09 -1.9761776e-08
   209.12791 -4.7660342e-09 -2.0115989e-08 -6.3583765e-09 -1.9650564e-08
   223.21747 -9.6081436e-09 -2.0314177e-08 -1.1299613e-08 -1.9401584e-08
   238.25627 -1.2674245e-08 -1.6596209e-08 -1.4126035e-08 -1.5359733e-08
   254.30827 -1.5950302e-08 -1.3618951e-08 -1.7187956e-08 -1.1993426e-08
   271.44177 -1.7811509e-08 -9.596242e-09 -1.8701044e-08 -7.6887625e-09
   289.72958 -1.9301195e-08 -5.8843002e-09 -1.9824522e-08 -3.7058443e-09
   309.24948 -1.7158557e-08 -2.0828024e-09 -1.7278943e-08 -3.7951309e-11
   330.08453 -1.6483892e-08 -4.7366269e-12 -1.6348595e-08 2.0760125e-09
   352.32327 -1.5912445e-08 2.1476043e-09 -1.5477037e-08 4.2703734e-09
    376.0603 -1.5622915e-08 4.3995017e-09 -1.4829964e-08 6.5987389e-09
   401.39658 -1.2591259e-08 5.1288751e-09 -1.1658519e-08 7.0006112e-09
   428.43982 -1.102237e-08 5.8596901e-09 -9.9198845e-09 7.5866353e-09
   457.30505 -9.6478603e-09 6.320886e-09 -8.4016394e-09 7.9111926e-09
   488.11502 -8.5390957e-09 6.7210659e-09 -7.1443389e-09 8.199331e-09
   521.00073 -7.3354931e-09 6.7156889e-09 -5.8621885e-09 8.0456477e-09
   556.10205 -6.7082819e-09 7.1413355e-09 -5.0502789e-09 8.4086818e-09
   593.56824 -5.4660201e-09 6.5921908e-09 -3.8422119e-09 7.6654807e-09
   633.55865 -4.5945976e-09 6.2621863e-09 -2.957214e-09 7.193707e-09
   676.24335 -4.0432333e-09 5.5813878e-09 -2.4804288e-09 6.4413475e-09
   721.80383 -4.4685486e-09 6.7548198e-09 -2.4560487e-09 7.7308391e-09
   770.43384 -3.2940297e-09 6.6672379e-09 -1.2118726e-09 7.348592e-09
   822.34015 -2.8732992e-09 6.5187078e-09 -7.1082334e-10 7.0985795e-09
   877.74359 -2.3580966e-09 6.0842029e-09 -2.1650716e-10 6.5297066e-09
    936.8797 -2.0450712e-09 5.9855099e-09 1.9016956e-10 6.3284298e-09
        1000 -1.849771e-09 6.2911738e-09 6.3898908e-10 6.5302697e-09