          20 3.1400589e-09 5.7365257e-10 3.1397207e-09 5.4877269e-10
   21.347458 3.3556202e-09 -1.5322664e-09 3.3372414e-09 -1.5573415e-09
   22.785698 5.8586704e-09 -1.8261727e-09 5.8335399e-09 -1.8742174e-09
   24.320835 2.7600853e-09 -2.0785716e-08 2.5624793e-09 -2.0778051e-08
     25.9594 -1.5521419e-11 -1.8279181e-08 -1.9677324e-10 -1.8250965e-08
   27.708361 -1.4342281e-08 -1.0960876e-08 -1.443648e-08 -1.0791023e-08
   29.575153 -1.0063568e-08 1.192333e-08 -9.9133244e-09 1.2018496e-08
   31.567717 6.4803746e-10 2.1367264e-09 6.7281503e-10 2.1254078e-09
   33.694523 -5.7975176e-09 -1.2032424e-09 -5.8040852e-09 -1.1266013e-09
   35.964622 -5.4468923e-09 3.2869085e-09 -5.3928244e-09 3.3564034e-09
   38.387661 -5.0143125e-09 3.9525423e-09 -4.9479034e-09 4.0198884e-09
   40.973949 -3.9009831e-09 4.4832467e-09 -3.8234917e-09 4.5377946e-09
   43.734482 -3.1317613e-09 5.3761822e-09 -3.0388019e-09 5.4210658e-09
      46.681 -2.0374349e-09 6.0190408e-09 -1.9271889e-09 6.0444321e-09
   49.826035 -6.2201849e-10 5.8407497e-09 -5.0962196e-10 5.8424865e-09
   53.182961 1.6208197e-10 5.616184e-09 2.7549243e-10 5.6005014e-09
   56.766048 1.2775164e-09 5.2266316e-09 1.3891646e-09 5.1902123e-09
   60.590542 2.4032971e-09 5.234214e-09 2.5227109e-09 5.1702904e-09
   64.672699 2.0675675e-09 4.8692566e-09 2.1835977e-09 4.8092255e-09
   69.029884 2.8570268e-09 4.9113669e-09 2.9813503e-09 4.827386e-09
   73.680634 3.4819652e-09 4.8276387e-09 3.611216e-09 4.7210946e-09
   78.644707 4.724094e-09 4.544348e-09 4.8516711e-09 4.3925823e-09
    83.94323 5.7234515e-09 3.9104178e-09 5.8386371e-09 3.7190853e-09
   89.598724 6.6395764e-09 3.1587184e-09 6.7353074e-09 2.9237626e-09
   95.635246 7.7804749e-09 1.9093453e-09 7.8349922e-09 1.6221788e-09
   102.07848 8.4121137e-09 7.8141138e-10 8.4231484e-09 4.4948609e-10
    108.9558 9.013827e-09 -6.5186051e-10 8.9670289e-09 -1.0205641e-09
   116.29646 9.2137995e-09 -2.386533e-09 9.0881143e-09 -2.7901728e-09
   124.13169 8.5341361e-09 -3.6509669e-09 8.3379188e-09 -4.0474961e-09
    132.4948 8.6071319e-09 -5.9181842e-09 8.2855749e-09 -6.3411307e-09
   141.42136 7.6845712e-09 -7.1622117e-09 7.2754673e-09 -7.5595317e-09
   150.94933 6.8728907e-09 -8.6261975e-09 6.3544388e-09 -9.0010142e-09
   161.11922 6.5071903e-09 -1.1190837e-08 5.7972236e-09 -1.1556777e-08
   171.97427 4.9543591e-09 -1.1317402e-08 4.1913584e-09 -1.160649e-08
   183.56068 3.3276903e-09 -1.3026902e-08 2.4019424e-09 -1.3215165e-08
   195.92769 1.0381866e-09 -1.4416093e-08 -4.6371251e-11 -1.4439387e-08
   209.12791 -2.1358073e-09 -1.5355187e-08 -3.3553997e-09 -1.5122259e-08
   223.21747 -6.8215669e-09 -1.7383169e-08 -8.2755038e-09 -1.6721946e-08
   238.25627 -1.0001568e-08 -1.5067403e-08 -1.1325434e-08 -1.4083321e-08
   254.30827 -1.3013127e-08 -1.2414067e-08 -1.4153782e-08 -1.1080953e-08
   271.44177 -1.4043287e-08 -8.8019627e-09 -1.4873385e-08 -7.2900321e-09
   289.72958 -1.4743727e-08 -5.5851834e-09 -1.5264748e-08 -3.9138977e-09
   309.24948 -1.4758947e-08 -2.5795355e-09 -1.495513e-08 -8.1542378e-10
   330.08453 -1.3347522e-08 -7.3590928e-10 -1.3330821e-08 9.5520192e-10
   352.32327 -1.3145447e-08 1.0099671e-09 -1.2888814e-08 2.7712956e-09
    376.0603 -1.1427837e-08 2.5663072e-09 -1.0941377e-08 4.1824171e-09
   401.39658 -1.0096767e-08 3.4493737e-09 -9.4510773e-09 4.9581352e-09
   428.43982 -9.0839007e-09 4.2039261e-09 -8.2773397e-09 5.6351745e-09
   457.30505 -8.1389748e-09 4.7912758e-09 -7.1827699e-09 6.1417529e-09
   488.11502 -6.7791266e-09 4.7196784e-09 -5.7871579e-09 5.9036931e-09
   521.00073 -6.0121774e-09 4.9236872e-09 -4.9199858e-09 6.0244933e-09
   556.10205 -5.14911e-09 4.9312385e-09 -3.9930503e-09 5.9160112e-09
   593.56824 -4.4046971e-09 4.8254991e-09 -3.2063812e-09 5.7022906e-09
   633.55865 -3.9282457e-09 4.908288e-09 -2.6356113e-09 5.7172151e-09
   676.24335 -3.2423042e-09 4.0033457e-09 -2.1104896e-09 4.7077027e-09
   721.80383 -3.9073922e-09 5.3727027e-09 -2.2939024e-09 6.2456258e-09
   770.43384 -2.6929847e-09 4.9927347e-09 -1.1241844e-09 5.5691007e-09
   822.34015 -2.4200584e-09 4.9983875e-09 -7.5150158e-10 5.5101679e-09
   877.74359 -1.9643454e-09 4.4972115e-09 -3.6920511e-10 4.8997464e-09
    936.8797 -1.638888e-09 4.1620609e-09 -7.0911686e-11 4.4770183e-09
        1000 -1.4766096e-09 4.2444173e-09 2.1916313e-10 4.4914885e-09