          20 4.8070503e-09 6.6517898e-09 4.8503566e-09 6.604528e-09
   22.054857 8.0035969e-09 -2.3564624e-09 7.9722282e-09 -2.4205831e-09
   24.320835 -6.4012667e-10 -2.0253312e-08 -8.2894075e-10 -2.0215019e-08
   26.819628 -2.2604784e-08 -7.6192572e-09 -2.264755e-08 -7.377273e-09
   29.575153 -1.2685802e-08 3.317874e-08 -1.2290217e-08  3.32697e-08
   32.613789 5.3060285e-09 -1.0866719e-08 5.1602056e-09 -1.0915975e-08
   35.964622 -9.8078934e-10 1.8111419e-09 -9.5454289e-10 1.8215927e-09
   39.659729 3.1439351e-10 1.5863619e-09 3.3830871e-10 1.5789733e-09
   43.734482 1.2754283e-09 4.5686233e-10 1.2798037e-09 4.359135e-10
    48.22789 8.0791102e-10 -2.7932573e-10 8.0296919e-10 -2.9597388e-10
   53.182961 9.0161623e-10 -7.6110024e-10 8.8573804e-10 -7.7784118e-10
   58.647129 -6.7788231e-10 -5.0844778e-10 -6.8787687e-10 -4.9356874e-10
   64.672699 -2.546918e-10 -7.0532724e-10 -2.7216734e-10 -6.9778483e-10
    71.31736 -2.3430147e-10 1.1416573e-10 -2.3188026e-10 1.2079446e-10
   78.644707 7.6388912e-10 6.6107325e-10 7.8377782e-10 6.3629407e-10
   86.724892 2.1684496e-09 8.744041e-10 2.1933915e-09 8.0065787e-10
   95.635246 3.4909808e-09 2.4546512e-10 3.4899972e-09 1.1935004e-10
   105.46109 5.0727653e-09 -1.3980729e-09 5.0089359e-09 -1.5978883e-09
   116.29646 5.5582858e-09 -3.5914356e-09 5.3872276e-09 -3.8327772e-09
   128.24509 5.4397833e-09 -6.0816494e-09 5.1285625e-09 -6.3336443e-09
   141.42136 4.390126e-09 -8.2857907e-09 3.9286965e-09 -8.5004155e-09
   155.95139 3.3367265e-09 -1.0384775e-08 2.7051035e-09 -1.0550388e-08
   171.97427 1.6582682e-09 -1.3896519e-08 7.3999562e-10 -1.3960293e-08
    189.6434 -1.7567855e-09 -1.650541e-08 -2.9478318e-09 -1.6317149e-08
   209.12791 -7.6067455e-09 -1.8303478e-08 -9.0386632e-09 -1.762071e-08
    230.6143 -1.3886671e-08 -1.6521428e-08 -1.5279165e-08 -1.5216065e-08
   254.30827 -1.9524327e-08 -1.2191517e-08 -2.0604318e-08 -1.0224581e-08
   280.43665 -2.1754303e-08 -5.6984022e-09 -2.2227944e-08 -3.3286496e-09
   309.24948 -2.0343192e-08 2.816605e-10 -2.0159687e-08 2.6856051e-09
   341.02267 -1.7363043e-08 2.9807705e-09 -1.6823742e-08 5.2183808e-09
    376.0603 -1.6040129e-08 6.376863e-09 -1.4958344e-08 8.6165093e-09
   414.69781 -1.3036907e-08 7.9408782e-09 -1.161798e-08 9.9082964e-09
   457.30505 -1.0240518e-08 8.4777438e-09 -8.6100611e-09 1.0140085e-08
   504.28989 -8.1487501e-09 8.4899598e-09 -6.3709589e-09 9.9069748e-09
   556.10205 -6.9975119e-09 8.9413525e-09 -4.9520197e-09 1.0231123e-08
   613.23755 -5.3707665e-09 8.5101997e-09 -3.2442717e-09 9.5402326e-09
   676.24335 -4.1526191e-09 6.8305779e-09 -2.2653315e-09 7.6784188e-09
   745.72253 -4.0060644e-09 9.0033456e-09 -1.305738e-09 9.782549e-09
   822.34015 -2.5774558e-09 7.6215851e-09 -8.6489101e-11 8.0566558e-09
   906.82971 -2.1182365e-09 7.5965936e-09 5.9811789e-10 7.8726448e-09
        1000 -1.55677e-09 7.2393553e-09 1.2657964e-09 7.3007191e-09