          20 4.2008272e-09 1.4625372e-09 4.2054737e-09 1.4280204e-09
   21.347458 4.4153698e-09 1.3286736e-09 4.419455e-09 1.2907889e-09
   22.785698 8.7608534e-09 -3.8694683e-09 8.7135783e-09 -3.9397525e-09
   24.320835 2.2731623e-09 -1.1054004e-08 2.1659361e-09 -1.1057737e-08
     25.9594 -7.6822539e-09 -2.313012e-08 -7.9011722e-09 -2.3018734e-08
   27.708361 -2.1236469e-08 1.9468873e-09 -2.1182489e-08 2.1689825e-09
   29.575153 -4.0721506e-09 1.9575113e-08 -3.8449373e-09 1.9589686e-08
   31.567717 8.735622e-09 -1.9178527e-08 8.4890717e-09 -1.9254458e-08
   33.694523 -1.1013966e-08 -2.6526499e-09 -1.1031225e-08 -2.5065512e-09
   35.964622 -6.5564243e-09 2.2436595e-09 -6.5159531e-09 2.3305162e-09
   38.387661 -6.9213657e-09 3.4606735e-09 -6.8593202e-09 3.556331e-09
   40.973949 -5.1955431e-09 5.3505858e-09 -5.1039359e-09 5.4235625e-09
   43.734482 -3.9235486e-09 6.6001333e-09 -3.808061e-09 6.6523698e-09
      46.681 -2.0144511e-09  7.01352e-09 -1.8858106e-09 7.0383774e-09
   49.826035 -3.2066155e-10 7.002241e-09 -1.855216e-10 6.9972681e-09
   53.182961 9.8590269e-10 6.5975994e-09 1.1186764e-09 6.567662e-09
   56.766048 1.8258102e-09 5.9764855e-09 1.9512172e-09 5.927582e-09
   60.590542 2.5789124e-09 5.8955898e-09 2.7095264e-09 5.8246412e-09
   64.672699 2.9062222e-09 5.2482361e-09 3.0307985e-09 5.166926e-09
   69.029884 3.6374981e-09 5.164551e-09 3.767298e-09 5.0595048e-09
   73.680634 4.4982693e-09 4.9801585e-09 4.6290913e-09 4.8445248e-09
   78.644707 5.4177622e-09 4.5253197e-09 5.5433356e-09 4.3527195e-09
    83.94323 6.5429284e-09  3.95648e-09 6.6559291e-09 3.7394483e-09
   89.598724 7.6425692e-09 3.1623584e-09 7.7332496e-09 2.8937079e-09
   95.635246 8.4224165e-09 1.7330036e-09 8.4700247e-09 1.4224489e-09
   102.07848 8.9805345e-09 6.0372973e-10 8.9848031e-09 2.5023283e-10
    108.9558 9.4631778e-09 -9.2891667e-10 9.3967216e-09 -1.3288421e-09
   116.29646 9.8535651e-09 -2.9027789e-09 9.7009956e-09 -3.3346181e-09
   124.13169 9.7741655e-09 -4.7202731e-09 9.5233599e-09 -5.1726556e-09
    132.4948 9.0462056e-09 -6.4363972e-09 8.6967065e-09 -6.8780985e-09
   141.42136 8.3471337e-09 -8.0182962e-09 7.8914963e-09 -8.4469818e-09
   150.94933 7.553731e-09 -9.5072989e-09 6.9829977e-09 -9.9148361e-09
   161.11922 6.9367458e-09 -1.1742896e-08 6.1881504e-09 -1.2135176e-08
   171.97427 5.4903486e-09 -1.3175588e-08 4.6068611e-09 -1.34931e-08
   183.56068 3.6106553e-09 -1.6254653e-08 2.4560414e-09 -1.6450104e-08
   195.92769 5.1655391e-10 -1.7346483e-08 -7.8606466e-10 -1.7317923e-08
   209.12791 -2.6562486e-09 -1.7095758e-08 -4.0143617e-09 -1.6813022e-08
   223.21747 -6.9885595e-09 -1.7556252e-08 -8.457067e-09 -1.6882186e-08
   238.25627 -1.1009215e-08 -1.6234626e-08 -1.2434489e-08 -1.5151162e-08
   254.30827 -1.3710451e-08 -1.3078568e-08 -1.490916e-08 -1.1671639e-08
   271.44177 -1.5620465e-08 -9.5651451e-09 -1.6520238e-08 -7.8852196e-09
   289.72958 -1.6997882e-08 -6.2294259e-09 -1.7575113e-08 -4.3044261e-09
   309.24948 -1.7658779e-08 -2.8614122e-09 -1.7866878e-08 -7.5196493e-10
   330.08453 -1.5467428e-08 -7.3037459e-10 -1.5432656e-08 1.2279169e-09
   352.32327 -1.5298992e-08 1.4728683e-09 -1.4960007e-08 3.5191969e-09
    376.0603 -1.3752003e-08 3.1909899e-09 -1.315196e-08 5.1341447e-09
   401.39658 -1.2387151e-08 4.5690687e-09 -1.1542982e-08 6.4154606e-09
   428.43982 -1.1034683e-08 5.3323852e-09 -1.0017994e-08 7.0677633e-09
   457.30505 -9.535909e-09 5.6637091e-09 -8.4063627e-09 7.2443509e-09
   488.11502 -8.030316e-09 5.7778058e-09 -6.8199739e-09 7.1770119e-09
   521.00073 -7.0910295e-09 5.9403718e-09 -5.7764451e-09 7.2363151e-09
   556.10205 -6.2770456e-09 6.1407306e-09 -4.840556e-09 7.3382629e-09
   593.56824 -5.8387597e-09 6.5987198e-09 -4.2042125e-09 7.7559825e-09
   633.55865 -4.5788053e-09 5.7708953e-09 -3.0601546e-09 6.7123849e-09
   676.24335 -4.0023314e-09 5.1298223e-09 -2.556952e-09 5.9936598e-09
   721.80383 -5.0289595e-09 7.3060877e-09 -2.8452318e-09 8.4151539e-09
   770.43384 -3.6355421e-09 6.8048815e-09 -1.4990346e-09 7.5801303e-09
   822.34015 -2.8475498e-09 5.9133898e-09 -8.7437874e-10 6.5142585e-09
   877.74359  -2.6936e-09 6.3780985e-09 -4.3640677e-10 6.9182962e-09
    936.8797 -2.160859e-09 5.7499983e-09 -1.1488891e-12 6.1485812e-09
        1000 -1.8224703e-09 5.5815064e-09 3.9848133e-10 5.8616574e-09