   22.785698 1.1257414e-08 -7.3246613e-09 1.1175405e-08 -7.4112028e-09
   24.320835 9.208259e-09 -1.3248605e-08 9.0694883e-09 -1.3313205e-08
     25.9594 -1.8771516e-08 -7.9642239e-09 -1.8821673e-08 -7.763731e-09
   27.708361 -1.8245963e-08 -2.8568914e-09 -1.8247185e-08 -2.6577451e-09
   29.575153 -4.9559121e-09 2.6919146e-08 -4.6428745e-09 2.6933817e-08
   31.567717 2.3553371e-08 -1.2324253e-08 2.3367754e-08 -1.2588021e-08
   33.694523 -5.2697695e-09 -1.0862393e-09 -5.2753761e-09 -1.0160259e-09
   35.964622 3.3524999e-10 1.6984403e-09 3.578505e-10 1.6906537e-09
   38.387661 5.8110627e-10 1.554249e-09  6.03121e-10 1.5426245e-09
   40.973949 1.5524082e-09 1.4771334e-10 1.5523017e-09 1.2291682e-10
   43.734482 1.3300597e-09 -9.8058839e-10 1.3138897e-09 -1.0012011e-09
      46.681 8.9864582e-10 -1.2141709e-09 8.742958e-10 -1.2292062e-09
   49.826035 6.0758398e-10 -1.5588504e-09 5.7771532e-10 -1.5669733e-09
   53.182961 1.2004175e-10 -1.644141e-09 8.5732949e-11 -1.6434567e-09
   56.766048 -2.4431646e-10 -1.7209252e-09 -2.8175123e-10 -1.7124786e-09
   60.590542 -1.2150608e-09 -6.9185829e-10 -1.2301401e-09 -6.6273459e-10
   64.672699 -1.2370759e-09 -1.0178217e-09 -1.2599403e-09 -9.8549469e-10
   69.029884 -1.3113349e-09 -3.5738512e-10 -1.3191155e-09 -3.228092e-10
   73.680634 -1.091411e-09 3.8736581e-10 -1.0779493e-09 4.1646026e-10
   78.644707 -1.285515e-10 9.7906938e-10 -9.9449081e-11 9.7961117e-10
    83.94323 6.4674627e-10 1.239529e-09 6.8301675e-10 1.2150723e-09
   89.598724 1.7456302e-09 1.0554706e-09 1.7787036e-09 9.9539854e-10
   95.635246 2.9782223e-09 5.5928284e-10 2.9934029e-09 4.4856191e-10
   102.07848 4.0858787e-09 -2.3834223e-10 4.0649959e-09 -3.9806447e-10
    108.9558 4.8147188e-09 -1.5538356e-09 4.7384501e-09 -1.7540045e-09
   116.29646 5.4777693e-09 -3.2265499e-09 5.3206595e-09 -3.4603611e-09
   124.13169 5.3548401e-09 -4.7309552e-09 5.1145239e-09 -4.9779283e-09
    132.4948 5.3529954e-09 -6.2448149e-09 5.0224012e-09 -6.4994148e-09
   141.42136 4.4860955e-09 -7.8904225e-09 4.0455803e-09 -8.1111713e-09
   150.94933 3.9937995e-09 -9.4428474e-09 3.4411445e-09 -9.6437507e-09
   161.11922 3.2647078e-09 -1.1454437e-08 2.5510287e-09 -1.1621742e-08
   171.97427 2.111419e-09 -1.3612135e-08 1.2092938e-09 -1.3706923e-08
   183.56068 8.0041189e-11 -1.5959843e-08 -1.0397547e-09 -1.5909466e-08
   195.92769 -2.7229101e-09 -1.6809507e-08 -3.9732377e-09 -1.6540341e-08
   209.12791 -6.7262054e-09 -1.8020167e-08 -8.1380156e-09 -1.7408022e-08
   223.21747 -1.1425703e-08 -1.7926647e-08 -1.2905478e-08 -1.6871162e-08
   238.25627 -1.5505117e-08 -1.5460788e-08 -1.6836273e-08 -1.3969806e-08
   254.30827 -1.9201243e-08 -1.2538938e-08 -2.031698e-08 -1.0604378e-08
   271.44177 -2.103206e-08 -8.1606695e-09 -2.1753591e-08 -5.9268581e-09
   289.72958 -2.1687585e-08 -4.0794821e-09 -2.199549e-08 -1.6487413e-09
   309.24948 -2.0551386e-08 -8.2229994e-11 -2.0409425e-08 2.3489459e-09
   330.08453 -1.8853386e-08 1.9662645e-09 -1.8450264e-08 4.3294777e-09
   352.32327 -1.7731216e-08 4.3708992e-09 -1.6979254e-08 6.7192816e-09
    376.0603 -1.5772548e-08 6.2483316e-09 -1.4712419e-08 8.4512326e-09
   401.39658 -1.4157512e-08 7.5727291e-09 -1.2832303e-08 9.6567643e-09
   428.43982 -1.1902554e-08 8.0518427e-09 -1.0429252e-08 9.8940678e-09
   457.30505 -1.0388568e-08 8.3933749e-09 -8.7697218e-09 1.008363e-08
   488.11502 -9.2641663e-09 8.7242542e-09 -7.4842896e-09 1.0303202e-08
   521.00073 -8.0122309e-09 8.6958956e-09 -6.1325687e-09 1.0122653e-08
   556.10205 -6.8896338e-09 8.5741387e-09 -4.9244018e-09 9.8489643e-09
   593.56824 -5.9514997e-09 8.4905549e-09 -3.8868713e-09 9.6266817e-09
   633.55865 -4.9476672e-09 8.0585831e-09 -2.8676488e-09 9.024884e-09
   676.24335 -4.2434434e-09 6.8023023e-09 -2.3605662e-09 7.6744939e-09
   721.80383 -4.9638902e-09 8.5592111e-09 -2.4394857e-09 9.6046771e-09
   770.43384 -3.2354868e-09 8.1429032e-09 -7.2537754e-10 8.745384e-09
   822.34015 -2.7516984e-09 7.6805904e-09 -2.3407573e-10 8.1667917e-09
   877.74359 -2.2440487e-09 7.2433135e-09 2.7466102e-10 7.5874649e-09
    936.8797 -1.892472e-09 6.9196791e-09 6.6197148e-10 7.1502999e-09
        1000 -1.6287747e-09 7.006371e-09 1.1117212e-09 7.1113693e-09