   24.320835 -4.8203121e-09 -2.2657975e-08 -5.0244116e-09 -2.2577742e-08
     25.9594 -1.833543e-09 -1.6488432e-08 -1.9952919e-09 -1.6443657e-08
   27.708361 -2.0120552e-08 -2.3950641e-10 -2.0091562e-08 -2.5845626e-11
   29.575153 -5.6934439e-09 1.8120954e-08 -5.4784368e-09 1.8156278e-08
   31.567717 1.4145751e-08 -4.3450501e-09 1.4070618e-08 -4.5082453e-09
   33.694523 -5.8540501e-09 -2.2842688e-09 -5.8748357e-09 -2.2052606e-09
   35.964622 -1.8591009e-09 3.4513439e-09 -1.80829e-09 3.4720631e-09
   38.387661 -1.3470376e-09 2.456247e-09 -1.3087935e-09 2.4722582e-09
   40.973949 -7.6514078e-10 2.3931122e-09 -7.2620615e-10 2.4000086e-09
   43.734482 -8.8614066e-10 1.8680331e-09 -8.5152851e-10 1.8787729e-09
      46.681 -6.4709571e-10 2.4531857e-09 -6.0214073e-10 2.4606388e-09
   49.826035 -4.3519008e-11 2.6489198e-09 7.8221605e-12 2.6458928e-09
   53.182961 1.3033377e-09 2.6443912e-09 1.3553225e-09 2.6154883e-09
   56.766048 1.1914275e-09 2.356727e-09 1.2405973e-09 2.3265141e-09
   60.590542 9.0961816e-10 1.4518046e-09 9.4017594e-10 1.4278436e-09
   64.672699 1.4967229e-09 2.8968612e-09 1.5653263e-09 2.8541309e-09
   69.029884 2.4106128e-09 3.1838905e-09 2.4907194e-09 3.1143863e-09
   73.680634 3.7119676e-09 3.0268261e-09 3.789784e-09 2.9170164e-09
   78.644707 4.9501852e-09 2.9842373e-09 5.0302402e-09 2.8290235e-09
    83.94323 6.0566836e-09 2.3691373e-09 6.1217529e-09 2.1693773e-09
   89.598724 7.4622521e-09 1.6108461e-09 7.4997093e-09 1.3523374e-09
   95.635246 8.4883869e-09 6.9528161e-10 8.4984295e-09 3.8252584e-10
   102.07848 9.7826494e-09 -7.208551e-10 9.7346007e-09 -1.1038908e-09
    108.9558 1.1423083e-08 -3.7678247e-09 1.1239226e-08 -4.2328447e-09
   116.29646 1.1597925e-08 -6.3097501e-09 1.1289094e-08 -6.8103834e-09
   124.13169 1.1080556e-08 -8.4604288e-09 1.0650699e-08 -8.9646921e-09
    132.4948 1.0121195e-08 -1.0294585e-08 9.5734336e-09 -1.0782067e-08
   141.42136 9.2621271e-09 -1.3595428e-08 8.5008676e-09 -1.4060102e-08
   150.94933 7.8042506e-09 -1.678259e-08 6.8168382e-09 -1.7187574e-08
   161.11922 6.2468248e-09 -1.9156349e-08 5.0480748e-09 -1.9481334e-08
   171.97427 3.4874872e-09 -2.2853945e-08 1.9721302e-09 -2.3010015e-08
   183.56068 -4.0715029e-11 -2.5744004e-08 -1.8489015e-09 -2.5652293e-08
   195.92769 -4.2780317e-09 -2.5723352e-08 -6.1911232e-09 -2.530637e-08
   209.12791 -1.0211462e-08 -2.7254378e-08 -1.2350301e-08 -2.6323338e-08
   223.21747 -1.7109894e-08 -2.726437e-08 -1.9361925e-08 -2.5677446e-08
   238.25627 -2.5329669e-08 -2.4958787e-08 -2.7479187e-08 -2.2527068e-08
   254.30827 -2.6436689e-08 -1.7681083e-08 -2.8007769e-08 -1.5011571e-08
   271.44177 -2.6378084e-08 -1.0803917e-08 -2.7341859e-08 -7.9995521e-09
   289.72958 -2.7068793e-08 -5.2882316e-09 -2.7475373e-08 -2.2523856e-09
   309.24948 -2.666734e-08 -4.7642723e-10 -2.6526795e-08 2.6813007e-09
   330.08453 -2.6150575e-08 2.1416289e-09 -2.5665519e-08 5.4248575e-09
   352.32327 -2.3483871e-08 5.1028226e-09 -2.2580245e-08 8.2187901e-09
    376.0603 -2.1176197e-08 7.6995654e-09 -1.9851347e-08 1.0663451e-08
   401.39658 -1.8116152e-08 9.3844585e-09 -1.646689e-08 1.2054445e-08
   428.43982 -1.6209926e-08 1.0469493e-08 -1.4285161e-08 1.2985428e-08
   457.30505 -1.5179046e-08 1.1893354e-08 -1.2878852e-08 1.4368481e-08
   488.11502 -1.3236345e-08 1.2244838e-08 -1.0734566e-08 1.450544e-08
   521.00073 -1.1488741e-08 1.2409245e-08 -8.8055137e-09 1.4456232e-08
   556.10205 -9.000976e-09 1.0865212e-08 -6.5045596e-09 1.2538152e-08
   593.56824 -8.6890335e-09 1.2292149e-08 -5.6980531e-09 1.3953676e-08
   633.55865 -7.0884436e-09 1.1201479e-08 -4.1912709e-09 1.2595482e-08
   676.24335 -5.7549814e-09 8.9117069e-09 -3.2820848e-09  1.01045e-08
   721.80383 -6.6916042e-09 1.1886798e-08 -3.1933574e-09 1.3283423e-08
   770.43384 -4.3838475e-09 1.0315497e-08 -1.1919911e-09 1.1161843e-08
   822.34015 -3.6523846e-09 9.6556469e-09 -4.7813337e-10 1.0326905e-08
   877.74359 -3.2687788e-09 1.0017452e-08 2.2361002e-10 1.0548067e-08
    936.8797 -2.6915703e-09 9.3957198e-09 7.8492657e-10 9.7516253e-09
        1000 -2.1824431e-09 8.7121084e-09 1.2366141e-09 8.9013463e-09