   24.320835 5.8657732e-09 -7.8793798e-09 5.7831904e-09 -7.9211153e-09
     25.9594 -1.5524678e-08 -1.1028079e-08 -1.560965e-08 -1.0856266e-08
   27.708361 -1.7656905e-08 4.1387627e-09 -1.758592e-08 4.3192294e-09
   29.575153 -3.6198546e-09 2.7779764e-08 -3.3012015e-09 2.7776753e-08
   31.567717 1.1034153e-08 -3.2970509e-09 1.0977344e-08 -3.4251109e-09
   33.694523 -6.7642261e-09 -2.5700739e-09 -6.7871979e-09 -2.4794387e-09
   35.964622 -9.2670865e-10 2.5949536e-09 -8.8942653e-10 2.6035096e-09
   38.387661 -1.0493986e-09 2.2829889e-09 -1.0142759e-09 2.2947191e-09
   40.973949 -6.2818674e-11 1.7356716e-09 -3.5900678e-11 1.732968e-09
   43.734482 6.6490882e-11 1.6254051e-09 9.242352e-11 1.6215048e-09
      46.681 1.2729634e-10 1.4278083e-09  1.51611e-10 1.4222319e-09
   49.826035 5.5485705e-10 1.3580621e-09 5.8245681e-10 1.3457279e-09
   53.182961 6.4451894e-10 1.2512941e-09 6.6863526e-10 1.234867e-09
   56.766048 8.7906038e-10 1.2948694e-09 9.016472e-10 1.2729908e-09
   60.590542 9.5840647e-10 4.0216419e-10 9.6670483e-10 3.7809839e-10
   64.672699 1.0350893e-09 1.2573615e-09 1.0650887e-09 1.2289919e-09
   69.029884 1.4881275e-09 1.6890109e-09 1.5294302e-09 1.6462842e-09
   73.680634 2.1388711e-09 1.9375563e-09 2.190182e-09 1.8728934e-09
   78.644707 3.2190834e-09 1.9966144e-09 3.2733807e-09 1.8964534e-09
    83.94323 4.4578816e-09 1.5690784e-09 4.500492e-09 1.422909e-09
   89.598724 5.6564233e-09 9.3134067e-10 5.6779075e-09 7.3423068e-10
   95.635246 6.6691794e-09 4.4774887e-12 6.6543908e-09 -2.4025834e-10
   102.07848 7.7517308e-09 -1.2336988e-09 7.6842026e-09 -1.530764e-09
    108.9558 8.9044629e-09 -3.4837435e-09 8.7391125e-09 -3.8503711e-09
   116.29646 9.2222727e-09 -5.6465255e-09 8.9492396e-09 -6.0450924e-09
   124.13169 8.9011545e-09 -7.6997155e-09 8.5129601e-09 -8.1054612e-09
    132.4948 8.3496259e-09 -9.9767803e-09 7.8226332e-09 -1.0375772e-08
   141.42136 7.5058741e-09 -1.2461683e-08 6.8082553e-09 -1.2834031e-08
   150.94933 6.2896919e-09 -1.4497277e-08 5.4315143e-09 -1.4816648e-08
   161.11922 4.6948077e-09 -1.6766641e-08 3.6455265e-09 -1.7002399e-08
   171.97427 2.7019293e-09 -1.9360483e-08 1.4179498e-09 -1.9472877e-08
   183.56068 -5.4755078e-10 -2.1783977e-08 -2.0742676e-09 -2.1667743e-08
   195.92769 -4.818455e-09 -2.4017778e-08 -6.6006902e-09 -2.3563782e-08
   209.12791 -1.0043823e-08 -2.5018146e-08 -1.2003279e-08 -2.4112431e-08
   223.21747 -1.5061493e-08 -2.2883317e-08 -1.6948494e-08 -2.1493907e-08
   238.25627 -2.0649333e-08 -2.0526766e-08 -2.2419675e-08 -1.8540277e-08
   254.30827 -2.3820787e-08 -1.5528729e-08 -2.5200356e-08 -1.3123898e-08
   271.44177 -2.6410369e-08 -1.0153019e-08 -2.7306539e-08 -7.3489814e-09
   289.72958 -2.8124271e-08 -5.4724314e-09 -2.8544227e-08 -2.3185955e-09
   309.24948 -2.5757915e-08 -4.5764531e-10 -2.5621462e-08 2.5922586e-09
   330.08453 -2.4269381e-08 2.6773097e-09 -2.373142e-08 5.7182912e-09
   352.32327 -2.1996708e-08 5.1713425e-09 -2.1098328e-08 8.0859444e-09
    376.0603 -1.9203567e-08 7.3992479e-09 -1.7941785e-08 1.0082851e-08
   401.39658 -1.6733239e-08 8.5833687e-09 -1.5222323e-08 1.1050312e-08
   428.43982 -1.4509413e-08 9.5309618e-09 -1.2760252e-08 1.1780471e-08
   457.30505 -1.2773929e-08 1.0142839e-08 -1.0814301e-08 1.2223406e-08
   488.11502 -1.1135661e-08 1.0510991e-08 -8.9913996e-09 1.2408431e-08
   521.00073 -9.7602921e-09 1.0494952e-08 -7.490133e-09 1.223488e-08
   556.10205 -8.54528e-09 1.0768419e-08 -6.0793464e-09 1.2346864e-08
   593.56824   -7.408e-09 1.0592488e-08 -4.8323829e-09 1.2006302e-08
   633.55865 -6.0981966e-09 9.8748503e-09 -3.5482794e-09 1.1067324e-08
   676.24335 -4.9560782e-09 7.8599536e-09 -2.7787672e-09 8.8812069e-09
   721.80383 -5.7763292e-09 1.0270178e-08 -2.7539673e-09 1.1475538e-08
   770.43384 -3.9286907e-09 9.607791e-09 -9.6220121e-10 1.0351029e-08
   822.34015 -3.2815457e-09 9.1361096e-09 -2.8632854e-10 9.7169846e-09
   877.74359 -2.8033549e-09 9.0570538e-09 3.4578465e-10 9.4864925e-09
    936.8797 -2.2848632e-09 8.4811749e-09 8.4389773e-10 8.7515648e-09
        1000 -1.9886277e-09 8.639887e-09 1.3895869e-09 8.761786e-09