   35.018639  0.031824712  0.024380466
   37.936043  0.030456601  0.026082117
   41.096493   0.02886975  0.027836537
   44.520245  0.027031904  0.029622313
   48.229225  0.024909219  0.031410892
   52.247204  0.022470271  0.033166505
   56.599918  0.019684654  0.034847043
   61.315258  0.016528722  0.036406178
   66.423431  0.013001682  0.037856434
   71.957169 0.0090304539  0.039003387
    77.95192 0.0046192268  0.039776247
   84.446091 -0.00022483098  0.040047005
     91.4813 -0.0054667075  0.039668482
   99.102608 -0.011031219   0.03847567
   107.35884 -0.016794363  0.036298204
   116.30291 -0.022571141  0.032970145
    125.9921 -0.028109802  0.028347695
   136.48851 -0.033138514  0.022364592
   147.85936 -0.037116252  0.014884991
   160.17754  -0.03954152 0.0060346927
   173.52193 -0.039813157 -0.0039005799
   187.97803 -0.037327196 -0.014371521
   203.63849 -0.031586796 -0.024507938
   220.60361 -0.022366079 -0.033100571
    238.9821 -0.0099190306 -0.038661212
   258.89169 0.0048027225  -0.03965681
   280.45996  0.019964965 -0.034616191
   303.82507  0.032733623 -0.022950098
   329.13675  0.039606825 -0.0055396142
   356.55713  0.037251793  0.014573491
    386.2619  0.023995087  0.032002445
   418.44141 0.0017048276  0.039947685
   453.30176 -0.022829372   0.03279553
   491.06631 -0.038615733  0.010177791
   531.97705  -0.03497969 -0.019383075
   576.29608 -0.0094127934 -0.038891688
   624.30731  0.024509845 -0.031658985
   676.31836  0.039986387 0.0023589465
   732.66241  0.017788131  0.035897732
    793.7005 -0.025166996  0.031161092
   859.82373 -0.037697919 -0.013460622
   931.45563 0.0043646502 -0.039751545
   1009.0552  0.039948899 -0.000512767
   1093.1196 0.00057350553  0.039995886
   1184.1874  -0.03973629 -0.0045855357
    1282.842  0.015050018 -0.037060719
   1389.7157  0.027578808  0.028972561
   1505.4928  -0.03942157 0.0067778821
   1630.9155  0.022595098 -0.033006992
    1766.787 0.00019588281  0.039999519
    1913.978 -0.015531526  -0.03686152
   2073.4316  0.021373859  0.033810619
   2246.1692 -0.018496469 -0.035466611
   2433.2976 0.0051480429  0.039667338
   2636.0156  0.019653779 -0.034838613
   2855.6221 -0.039803229 0.0039626984
   3093.5239  0.014484513  0.037285369
   3351.2454  0.038531147 -0.010740139
   3630.4377 0.0090265619 -0.038968205
   3932.8894 -0.015926048 -0.036692791
   4260.5386 -0.021794915 -0.033540744
   4615.4839 -0.009252171 -0.038915258
        5000 -0.019430729 -0.034963507