          20 3.7568046e-07 6.0342853e-07
   20.513496 2.3657333e-06 1.0185053e-06
   21.040174 1.4558806e-06 -1.5698789e-07
   21.580378 -2.7525502e-07 -1.4176852e-07
   22.134449 -1.2266078e-07 1.7669157e-07
   22.702745 2.2867823e-07 -1.8267423e-08
   23.285635 2.1766292e-07 2.0352338e-07
   23.883488 2.9071123e-07 -2.5287616e-07
   24.496691 2.9760724e-07 -4.2914061e-07
   25.125639 -2.1209022e-08 -5.7192671e-07
   25.770733 -2.0207732e-07 -5.7642154e-07
   26.432392 -5.039206e-07 -6.3225644e-07
   27.111038 -6.7464669e-07 -4.18285e-07
   27.807108 -8.3006768e-07 -7.2838652e-08
   28.521049 -8.6639886e-07 2.8291365e-07
   29.253321 -6.6378396e-07 6.4266987e-07
   30.004395 -3.6699268e-07 8.1811771e-07
    30.77475 1.3697171e-08 7.4558676e-07
   31.564886 1.7886165e-07 6.1688343e-07
   32.375305 2.629474e-07 3.8733731e-07
   33.206535 2.6270106e-07 2.085619e-07
   34.059105 1.5409304e-07 9.4108117e-08
   34.933567 6.336154e-08 7.6089357e-08
   35.830479 -3.616368e-08 1.7707724e-07
    36.75042 -1.0738104e-08 2.8100587e-07
   37.693977 8.4282838e-08 3.5350632e-07
   38.661762 1.9808732e-07 3.7183611e-07
   39.654396 2.9746514e-07 3.321469e-07
   40.672512 3.9093504e-07 2.6247938e-07
    41.71677 4.5883797e-07 1.6670916e-07
   42.787842 4.960678e-07 5.2742944e-08
    43.88641 4.9478524e-07 -7.5911473e-08
   45.013184 4.5260418e-07 -2.014518e-07
   46.168888 3.7572346e-07 -3.1273103e-07
   47.354263 2.3084606e-07 -3.7085761e-07
   48.570072 9.8723667e-08 -3.5217869e-07
   49.817101 4.2841638e-08 -2.8673887e-07
   51.096142 4.2286917e-08 -2.8589469e-07
   52.408024 -3.462155e-08 -3.2721249e-07
    53.75359 -1.6770537e-07 -2.7972627e-07
   55.133701 -2.2792608e-07 -1.4337928e-07
   56.549248 -1.8545316e-07 -4.1528391e-08
   58.001137 -1.4536228e-07 5.9476442e-09
   59.490303 -1.2330732e-07 4.3405009e-08
   61.017704 -5.3943026e-08 6.7272879e-08
    62.58432 -8.9810198e-10 5.8178816e-08
   64.191162 2.6402597e-08 3.1954681e-08
   65.839256 3.6623977e-08 6.174472e-09
   67.529663 3.9072241e-08 -6.355485e-09
   69.263474 4.4362608e-08 -2.820712e-08
   71.041794 3.3519974e-08 -5.4720843e-08
   72.865784 5.0917124e-09 -6.4791038e-08
   74.736595 -2.3698501e-08 -5.099557e-08
   76.655441 -3.0550453e-08 -3.0919153e-08
    78.62355 -2.1310978e-08 -1.1479036e-08
   80.642197 -7.6298186e-09 -4.3230806e-09
   82.712662 5.9410663e-09 -7.5044477e-09
   84.836296 1.1005985e-08 -1.6749677e-08
    87.01445 1.1415183e-08 -2.3120252e-08
   89.248528 2.4376418e-10 -2.5936082e-08
   91.539963 -5.3922671e-09 -2.0705489e-08
   93.890228 -6.1806844e-09 -1.8098337e-08
   96.300842 -6.4478294e-09 -1.3094889e-08
   98.773346 -2.604682e-09 -8.4492608e-09
   101.30933 9.8990471e-10 -8.5921892e-09
   103.91042 5.2390488e-09 -6.5599348e-09
    106.5783 6.8883024e-09 -1.2207736e-08
   109.31468 1.2321707e-08 -1.0579383e-08
   112.12131 1.4509569e-08 -1.3259267e-08
         115 1.5318466e-08 -1.7304318e-08