   35.018639 -0.00010560023 2.4851935e-05
   37.936043 1.7057813e-05 2.4735977e-05
   41.096493 2.8224937e-05 2.7495984e-05
   44.520245 3.7118538e-05 -8.7458247e-06
   48.229225 1.1361247e-05 -2.1694457e-05
   52.247204 -4.2600618e-06 -1.7354572e-05
   56.599918 -2.2655468e-05 1.0846255e-05
   61.315258 1.8373287e-06 2.8811573e-05
   66.423431 2.1949516e-05 1.8605448e-05
   71.957169 2.8773251e-05 1.2000122e-06
    77.95192 2.4194915e-05 -4.203861e-06
   84.446091 2.7661252e-05 -1.7035374e-05
     91.4813 1.8477824e-05 -2.693374e-05
   99.102608 8.1314774e-06 -2.9019066e-05
   107.35884 -2.052014e-06 -3.0829044e-05
   116.30291 -1.1127276e-05 -3.0790728e-05
    125.9921 -2.0587462e-05 -2.8767969e-05
   136.48851 -3.2203596e-05 -2.2378172e-05
   147.85936 -3.9863189e-05 -9.3753069e-06
   160.17754 -4.2774558e-05 6.1113319e-06
   173.52193 -3.6797839e-05 2.1309064e-05
   187.97803 -2.528203e-05 3.238082e-05
   203.63849 -8.699436e-06 3.8712504e-05
   220.60361 3.778852e-06 3.5337336e-05
    238.9821 1.4790262e-05 2.9088706e-05
   258.89169 2.1831973e-05 2.0633523e-05
   280.45996 2.5721261e-05 1.128928e-05
   303.82507 2.5984504e-05 1.7011611e-06
   329.13675 2.5790021e-05 3.3493652e-06
   356.55713 1.6074264e-05 -6.1393689e-06
    386.2619 1.6038195e-05 -1.8938259e-05
   418.44141 6.7954938e-06 -2.7147607e-05
   453.30176 -7.3977285e-06 -3.0847805e-05
   491.06631 -2.3737419e-05 -2.3772265e-05
   531.97705 -3.4019271e-05 -6.1755454e-06
   576.29608 -3.4689965e-05 1.5229539e-05
   624.30731 -2.0698617e-05 3.5281897e-05
   676.31836 8.7970711e-06 3.4688492e-05
   732.66241 3.0978023e-05 2.2636081e-05
    793.7005 3.295283e-05 -7.0624101e-06
   859.82373 1.4585501e-05 -2.6890506e-05
   931.45563 -1.101518e-05 -2.8533288e-05
   1009.0552 -3.15734e-05 -1.1170632e-05
   1093.1196 -2.3270322e-05 1.9777704e-05
   1184.1874 6.6522625e-06 3.0728537e-05
    1282.842 3.1765696e-05 5.6302752e-06
   1389.7157 1.8784693e-05 -3.4062374e-05
   1505.4928 -3.4818553e-05 -2.6982552e-05
   1630.9155 -3.0366664e-05 3.7963033e-05
    1766.787 4.571056e-05 2.7584587e-05
    1913.978 1.4696311e-05 -5.7044566e-05
   2073.4316 -6.5587912e-05 1.2842757e-05
   2246.1692 5.333345e-05 4.515117e-05
   2433.2976 -1.4396658e-05 -8.9903348e-05
   2636.0156 -1.9744935e-05 8.6557186e-05
   2855.6221 3.0278487e-05 -7.8423291e-05
   3093.5239 -3.2711243e-05 8.4044463e-05
   3351.2454 1.8436567e-05 -7.783038e-05
   3630.4377 2.2143096e-05 9.7572949e-05
   3932.8894 -9.8637065e-05 -5.8542482e-05
   4260.5386 8.6080319e-05 -9.685845e-05
   4615.4839 9.9101249e-05 6.9844937e-05
        5000 -3.7157981e-05 0.0001125086