   10.559715 -5.4222484e-05 7.4603959e-05
   10.729028 7.3521107e-05 0.00010770414
   10.901054 1.171338e-05 2.8316332e-05
   11.075839 6.4684362e-05 0.00012633008
   11.253426 -0.00012225207 -0.00011518037
   11.433861 -0.00018544836 2.5369485e-05
   11.617188 7.7670949e-05 -8.545182e-06
   11.803455 -3.1355248e-05 3.1431711e-05
   11.992708 0.00012507194 0.00019082704
   12.184997 -0.00012205114 -0.00036419879
   12.380368 -7.5560631e-05 9.820181e-05
   12.578872 -1.6796452e-05 6.7547531e-05
   12.780558 -2.0785468e-05 0.00010171114
   12.985478 4.0599505e-05 7.5129006e-05
   13.193684 1.8023604e-05 0.00018024417
   13.405228 -3.6309732e-05 7.4192118e-05
   13.620164 -2.5045189e-05 5.0303155e-05
   13.838547 -0.00013884137 6.0511957e-05
   14.060431 -8.1414502e-05 2.5974958e-05
   14.285872 -7.982432e-05 6.9386282e-05
   14.514928 -1.0221148e-05  7.14657e-05
   14.747656 -1.7663282e-05 1.6101198e-05
   14.984117 -2.4139372e-05 2.6600837e-05
   15.224368 1.0864674e-06 6.1805076e-05
   15.468472 -5.4181091e-05 4.9810729e-05
   15.716489 -4.8703405e-05 4.5177141e-05
   15.968483 -5.9402693e-05 8.2202947e-05
   16.224518 -3.0129784e-05 7.2863702e-05
   16.484657 -3.4113196e-05 6.6310888e-05
   16.748968 -2.6081185e-05 6.9821835e-05
   17.017517 -2.8038043e-05 6.732365e-05
   17.290371 -3.7942875e-05 7.0906637e-05
     17.5676 -3.4752025e-05 4.7270561e-05
   17.849276 -2.8159706e-05 6.3298554e-05
   18.135466 -1.5789425e-05 4.2115174e-05
   18.426245 5.4871743e-06 5.9306825e-05
   18.721687 -3.6855123e-05 7.1371869e-05
   19.021866 -3.804142e-05 5.5649303e-05
   19.326859 -3.6699257e-05 6.4375279e-05
    19.63674 -3.5861547e-05 5.8416448e-05
    19.95159 -4.4808934e-05 5.7051355e-05
   20.271488 -4.7016722e-05 5.849274e-05
   20.596518 -3.60536e-05 5.0167582e-05
   20.926756 -3.983613e-05 5.6305435e-05
   21.262291 -4.15957e-05 6.0112754e-05
   21.603205 -4.1780891e-05 5.1331903e-05
   21.949585 -3.8268856e-05 5.2626918e-05
   22.301519 -4.2504842e-05 4.821318e-05
   22.659096 -4.7922847e-05 6.2981504e-05
   23.022406 -3.9964154e-05 5.6991008e-05
   23.391541 -4.8466256e-05 4.8438957e-05
   23.766596 -4.5086406e-05 5.1399678e-05
   24.147663 -4.1363786e-05 4.9690632e-05
    24.53484 -4.164323e-05 5.070163e-05
   24.928226 -4.4465054e-05 4.4283268e-05
   25.327919 -4.346167e-05 5.1354866e-05
    25.73402 -4.5453664e-05 4.7989193e-05
   26.146633 -4.2815387e-05 4.6209949e-05
   26.565861 -4.3366927e-05 4.4105058e-05
   26.991812 -4.2771375e-05 4.6484205e-05
   27.424591 -3.8838061e-05 4.8161652e-05
   27.864309 -4.0779905e-05 4.6231806e-05
   28.311079 -4.1089839e-05 4.5410412e-05
   28.765013 -3.984656e-05 4.1474115e-05
   29.226223 -4.3672801e-05 3.9622224e-05
   29.694828 -4.6004214e-05 4.0385592e-05
   30.170948 -4.038163e-05 4.1087431e-05
   30.654701 -4.3948821e-05 4.4569464e-05
   31.146212 -4.2672116e-05 4.496472e-05
   31.645601 -4.32091e-05 3.9149127e-05
      32.153 -4.236837e-05 4.1892763e-05
   32.668533 -4.4840181e-05 4.0481293e-05
   33.192329 -4.4810065e-05 4.0128925e-05
   33.724529 -4.3481352e-05 3.9612612e-05
   34.265259 -4.5046523e-05 3.8261293e-05
   34.814659 -4.2943182e-05 3.9689225e-05
   35.372868 -4.5544955e-05 3.9855768e-05
   35.940029 -4.4797511e-05 3.9378345e-05
   36.516281 -4.5121884e-05 3.813579e-05
   37.101772 -4.4304128e-05 3.908655e-05
   37.696655 -4.535108e-05 3.8220725e-05
   38.301075 -4.1648225e-05 3.5770605e-05
   38.915184 -4.3304946e-05 3.664352e-05
   39.539139 -4.5021654e-05 3.7198613e-05
     40.1731 -4.3975273e-05 3.7774618e-05
   40.817226 -4.4316952e-05 3.6547968e-05
   41.471676 -4.5613233e-05 3.5939331e-05
   42.136623 -4.0446492e-05 3.5122652e-05
   42.812233 -4.7053905e-05 3.3326924e-05
   43.498672 -4.3945129e-05 3.5854438e-05
   44.196117 -4.4058157e-05 3.7013058e-05
   44.904747 -4.2745323e-05 3.4207278e-05
   45.624741 -4.3365937e-05 3.8636706e-05
   46.356274 -4.6605557e-05 3.5124413e-05
   47.099541 -4.2752796e-05 3.3814566e-05
   47.854721 -4.3834614e-05 3.4797296e-05
   48.622013 -4.3590378e-05 3.6829224e-05
   49.401604 -4.4200038e-05 3.6134683e-05
   50.193699 -4.421682e-05 3.3027954e-05
   50.998489 -4.2706019e-05 3.5514033e-05
   51.816189 -4.4316766e-05 3.1782525e-05
   52.646996 -4.4381432e-05 3.3935587e-05
   53.491123 -4.2665695e-05 3.4052726e-05
   54.348785 -4.4017015e-05 3.3939556e-05
     55.2202 -4.306357e-05 3.4673543e-05
   56.105587 -4.2832529e-05 3.3673812e-05
   57.005169 -4.153695e-05 3.3679782e-05
   57.919178 -4.2667263e-05 3.4577522e-05
   58.847839 -4.3438235e-05 3.3370357e-05
   59.791389 -4.4225639e-05 3.2666831e-05
   60.750069 -4.2542772e-05 3.2976641e-05
   61.724121 -4.2574196e-05 3.2750409e-05
   62.713791 -4.239304e-05 3.5524845e-05
   63.719326 -4.2218096e-05 3.2974305e-05
    64.74099 -4.1839408e-05 3.3299133e-05
    65.77903 -4.131857e-05 3.3399643e-05
    66.83371 -4.2369546e-05 3.2547432e-05
   67.905304 -4.1800948e-05 3.3401189e-05
    68.99408 -4.2076997e-05 3.3329459e-05
   70.100319 -4.1452953e-05 3.320802e-05
   71.224289 -4.1059182e-05 3.2782424e-05
    72.36628 -4.1869771e-05 3.3745804e-05
   73.526581 -4.1233074e-05 3.3265278e-05
    74.70549 -4.0665447e-05 3.2931679e-05
   75.903297 -4.0672516e-05 3.3000502e-05
   77.120308 -4.0442097e-05 3.4052027e-05
   78.356834 -4.0723051e-05 3.3418637e-05
    79.61319 -3.9452432e-05 3.3085558e-05
   80.889687 -3.9392678e-05 3.3602257e-05
   82.186653 -3.992502e-05 3.3150551e-05
    83.50441 -3.9897932e-05 3.3872457e-05
     84.8433 -3.8862741e-05 3.3697594e-05
   86.203659 -3.9006936e-05 3.3821474e-05
   87.585823 -3.8427745e-05 3.3675638e-05
    88.99015 -3.8699705e-05 3.2855285e-05
      90.417 -3.8518519e-05 3.4110955e-05
   91.866722 -3.8440612e-05 3.4021738e-05
   93.339691 -3.7658803e-05 3.4358898e-05
   94.836273 -3.7704551e-05 3.4154331e-05
   96.356857 -3.6985057e-05 3.4472287e-05
   97.901817  -3.7241e-05 3.4332872e-05
    99.47155 -3.6696503e-05 3.4284243e-05
   101.06645 -3.6446138e-05 3.4547556e-05
   102.68693 -3.6017489e-05 3.4629767e-05
   104.33338 -3.56583e-05 3.5018031e-05
   106.00623 -3.520208e-05 3.465909e-05
   107.70591 -3.4733526e-05 3.4437708e-05
   109.43284 -3.4923123e-05 3.4745026e-05
   111.18746 -3.4335793e-05 3.4851233e-05
   112.97021 -3.4127472e-05 3.4959659e-05
   114.78155 -3.3326651e-05 3.5040455e-05
   116.62193 -3.3259152e-05 3.5502137e-05
   118.49181 -3.3540902e-05 3.4847399e-05
   120.39168 -3.2664564e-05 3.5282126e-05
   122.32201 -3.2216161e-05 3.5603101e-05
   124.28329 -3.1782769e-05 3.5409252e-05
   126.27602 -3.1456417e-05 3.5421785e-05
   128.30069 -3.1173884e-05 3.5721219e-05
   130.35783 -3.0623069e-05 3.5574551e-05
   132.44795 -2.998852e-05 3.5814279e-05
   134.57159 -2.9907671e-05 3.5774519e-05
   136.72928 -2.9437666e-05 3.5963662e-05
   138.92157 -2.8918372e-05 3.574905e-05
     141.149 -2.8511053e-05 3.6194382e-05
   143.41214 -2.7877941e-05 3.602554e-05
   145.71158 -2.7809239e-05 3.6293412e-05
   148.04788 -2.7356109e-05 3.6057885e-05
   150.42165 -2.6635531e-05 3.6278736e-05
   152.83347 -2.6307624e-05 3.6196154e-05
   155.28395 -2.572829e-05 3.6292862e-05
   157.77374 -2.5441283e-05 3.6420621e-05
   160.30344 -2.4695997e-05 3.6388348e-05
    162.8737 -2.4401621e-05 3.6266436e-05
   165.48518 -2.3823997e-05 3.6404297e-05
   168.13853 -2.3440862e-05 3.6087371e-05
   170.83443 -2.2991655e-05 3.6151287e-05
   173.57353 -2.2545139e-05 3.6162164e-05
   176.35657 -2.1907603e-05 3.6201287e-05
   179.18423 -2.1582238e-05 3.6213252e-05
   182.05722 -2.0979815e-05 3.6150625e-05
   184.97629 -2.0460646e-05 3.6134028e-05
   187.94214 -1.9873611e-05 3.6094192e-05
   190.95557 -1.941237e-05 3.6039062e-05
   194.01729 -1.897634e-05 3.5965819e-05
   197.12811 -1.8449389e-05 3.5931633e-05
   200.28882 -1.7944567e-05 3.6006753e-05
    203.5002 -1.7362354e-05 3.5720153e-05
   206.76306 -1.6909346e-05 3.5539699e-05
   210.07826 -1.6379101e-05 3.5580684e-05
   213.44659 -1.5945974e-05 3.5430119e-05
   216.86894 -1.5462259e-05 3.5297227e-05
   220.34616 -1.4831309e-05 3.5166602e-05
   223.87914 -1.426325e-05 3.5119901e-05
   227.46877 -1.3813448e-05 3.5083438e-05
   231.11594 -1.3360635e-05 3.4845532e-05
   234.82159 -1.2698135e-05 3.4616194e-05
   238.58665 -1.2331049e-05 3.4494809e-05
   242.41209 -1.1686921e-05 3.4360393e-05
   246.29887 -1.1268572e-05 3.4216559e-05
   250.24797 -1.0718077e-05 3.4007269e-05
   254.26038 -1.0359986e-05 3.3808497e-05
   258.33713 -9.745082e-06 3.3638109e-05
   262.47925 -9.3199051e-06 3.3447268e-05
   266.68777 -8.7506905e-06 3.3162924e-05
   270.96378 -8.3320992e-06 3.2914344e-05
   275.30832 -7.8108997e-06 3.2750595e-05
   279.72256 -7.369003e-06 3.2564752e-05
   284.20755 -6.8798308e-06 3.2293538e-05
   288.76447 -6.4238011e-06 3.2051259e-05
   293.39444 -5.9236627e-06 3.180882e-05
   298.09866 -5.5110136e-06 3.1611635e-05
    302.8783 -4.9575356e-06 3.1292824e-05
   307.73456 -4.5785819e-06 3.1026459e-05
    312.6687 -4.1840663e-06 3.0778323e-05
   317.68195 -3.7004947e-06 3.0515992e-05
   322.77557 -3.3027306e-06 3.016642e-05
    327.9509 -2.8347479e-06   2.9911e-05
   333.20917 -2.4148264e-06 2.9605239e-05
   338.55176 -1.9994234e-06 2.9325194e-05
   343.98001 -1.6056883e-06 2.9055589e-05
    349.4953 -1.1734784e-06 2.8745517e-05
   355.09903 -7.8180614e-07 2.8393626e-05
   360.79257 -4.1667747e-07 2.8072258e-05
   366.57745 1.4796441e-08 2.7728132e-05
   372.45505 3.6086885e-07 2.7430184e-05
   378.42691 7.3111909e-07 2.7083292e-05
   384.49451 1.103814e-06 2.6764157e-05
   390.65939 1.4398939e-06 2.6392594e-05
   396.92313 1.7818172e-06 2.6096079e-05
   403.28729 2.1679912e-06 2.5711915e-05
   409.75348 2.4963401e-06 2.5398278e-05
   416.32336 2.7794747e-06 2.5026726e-05
    422.9986 3.1177267e-06 2.4693194e-05
   429.78085 3.4238365e-06 2.4365354e-05
   436.67184 3.7468656e-06 2.4026014e-05
   443.67334 4.0527775e-06 2.366134e-05
   450.78708 4.3791888e-06 2.3304483e-05
   458.01489 4.6147502e-06 2.2935092e-05
   465.35858 4.9073838e-06 2.259143e-05
   472.82001 5.1896609e-06 2.2214885e-05
   480.40109 5.4535822e-06 2.1853075e-05
   488.10373 5.7039119e-06 2.1478991e-05
   495.92984 5.989581e-06 2.1066713e-05
   503.88147 6.215429e-06 2.0783744e-05
   511.96057 6.4639748e-06 2.0382357e-05
   520.16919 6.6939006e-06 2.000564e-05
   528.50946 6.9192815e-06 1.9640007e-05
   536.98346 7.1387062e-06 1.9244917e-05
   545.59332 7.3543865e-06 1.8877878e-05
   554.34125 7.5577746e-06 1.8513894e-05
   563.22937 7.7607765e-06 1.812811e-05
   572.26007 7.9084821e-06 1.775774e-05
   581.43555 8.0858699e-06 1.7373568e-05
   590.75812 8.2469996e-06 1.6996295e-05
   600.23016 8.3488312e-06 1.6606449e-05
   609.85413 8.447958e-06 1.6371412e-05
   619.63239 8.6629361e-06 1.6120248e-05
   629.56738 8.9242913e-06  1.57662e-05
   639.66174 9.0977755e-06 1.5378362e-05
   649.91791 9.2656428e-06 1.5061073e-05
    660.3385 9.3958088e-06 1.4096317e-05
   670.92621 1.2391519e-05 1.3502446e-05
   681.68365 9.6301919e-06 1.3526361e-05
   692.61365 9.7808334e-06 1.3333579e-05
   703.71881 9.9104973e-06 1.2991722e-05
   715.00208 1.0006605e-05 1.2635111e-05
   726.46619 1.0140881e-05 1.2334012e-05
    738.1142 1.0254882e-05 1.1944414e-05
   749.94891 1.0400126e-05 1.1592985e-05
   761.97339 1.0509611e-05 1.1233372e-05
   774.19067 1.0572759e-05 1.0848895e-05
   786.60388 1.0758823e-05 1.0752619e-05
   799.21606 1.1651282e-05 9.643386e-06
   812.03052 9.6077347e-06 8.3973164e-06
   825.05042 9.2809714e-06 9.8267365e-06
   838.27905 9.7967195e-06 1.0513878e-05
   851.71979 1.1085758e-05 1.0889383e-05
   865.37604 1.497294e-05 8.6566661e-06
   879.25128 1.0647446e-05 5.856904e-06
     893.349 1.043268e-05 6.4417354e-06
   907.67273 1.0310981e-05 6.6382031e-06
   922.22607 1.0501481e-05 6.6076072e-06
   937.01282 1.051437e-05 6.4429714e-06
   952.03668 1.0577318e-05 6.220796e-06
   967.30139 1.0665205e-05 5.8657934e-06
   982.81085 1.0681274e-05 5.5272881e-06
   998.56897 1.0690306e-05 5.2044888e-06
   1014.5798 1.0684398e-05 4.879907e-06
   1030.8473 1.0668255e-05 4.5713491e-06
   1047.3756 1.0688344e-05 4.2753832e-06
   1064.1689 1.0720403e-05 3.9664887e-06
   1081.2316 1.0809372e-05 3.6546214e-06
   1098.5677 9.8531846e-06 2.2009917e-06
    1116.182 1.053262e-05 2.7853703e-06
   1134.0785  1.06435e-05 1.3583083e-06
   1152.2621 9.1446527e-06 2.069725e-06
   1170.7372 1.0916537e-05 -1.369513e-06
   1189.5084 9.6778313e-06 1.8196627e-06
   1208.5807 9.8665587e-06 1.634989e-06
   1227.9587 9.8875953e-06 1.3178952e-06
   1247.6476 9.7981556e-06 8.4709467e-07
    1267.652 9.6038311e-06 5.1726602e-07
   1287.9773 9.3830276e-06 2.1689287e-07
   1308.6283 9.0811245e-06 -1.1673602e-08
   1329.6106 8.0842337e-06 1.392041e-06
   1350.9292 9.4258812e-06 -4.0861093e-07
   1372.5896 9.1593083e-06 -6.6555992e-07
   1394.5974 8.8796205e-06 -8.3916689e-07
    1416.958 9.5217329e-06 -1.02134e-06
   1439.6771 9.0531657e-06 -1.5674733e-06
   1462.7606 8.812206e-06 -1.905243e-06
   1486.2141 8.6197997e-06 -2.2501861e-06
   1510.0437 8.3789582e-06 -2.4047031e-06
   1534.2554 8.2314345e-06 -2.6126331e-06
   1558.8552 8.1010367e-06 -2.8846646e-06
   1583.8495 7.9952524e-06 -3.461952e-06
   1609.2445 7.854761e-06 -3.6630806e-06
   1635.0468 7.6863134e-06 -3.8229009e-06
   1661.2627 7.6726292e-06 -5.5346204e-06
   1687.8989 5.4477659e-06 -4.5989286e-06
   1714.9623 5.6040922e-06 -5.0503463e-06
   1742.4595 5.7827619e-06 -4.2267975e-06
   1770.3977 5.8338633e-06 -4.5513225e-06
   1798.7838 5.5968312e-06 -4.7780559e-06
    1827.625 5.5106207e-06 -5.2580476e-06
   1856.9287 5.3625777e-06 -4.963882e-06
   1886.7023 4.6578662e-06 -4.1361873e-06
   1916.9531 2.296312e-06 -7.0258757e-06
   1947.6891 4.9095629e-06 -5.3409167e-06
   1978.9178 4.2125521e-06 -6.675341e-06
   2010.6473 3.1445734e-06 -5.4717248e-06
   2042.8855 3.4488976e-06 -5.8245487e-06
   2075.6406 3.1725833e-06 -6.0599482e-06
   2108.9209 2.9285884e-06 -6.2042732e-06
   2142.7349 2.4763531e-06 -6.3493922e-06
   2177.0908 1.7194906e-06 -6.7922833e-06
   2211.9978 1.5873161e-06 -5.8776104e-06
   2247.4644 1.6161083e-06 -6.176972e-06
   2283.4998 1.2437616e-06 -6.4658689e-06
   2320.1128 6.3635736e-07 -6.2402332e-06
   2357.3127 5.3457273e-07 -6.7670144e-06
   2395.1094 1.000443e-07 -6.6524835e-06
    2433.512 -1.6175773e-07 -6.374541e-06
   2472.5303 -1.6037126e-07 -6.4972687e-06
   2512.1741 -6.9033473e-07 -6.5726917e-06
   2552.4536 -4.6990189e-07 -6.7937135e-06
   2593.3792 -1.9498161e-06 -7.0457099e-06
   2634.9607 -2.2853485e-06 -6.7227679e-06
    2677.209 -2.5049437e-06 -6.4783735e-06
   2720.1348 -3.7291318e-06 -6.5159848e-06
   2763.7485 -3.6015329e-06 -6.5024237e-06
   2808.0618 -4.9083696e-06 -5.7140883e-06
   2853.0857 -5.0349245e-06 -6.0206098e-06
   2898.8313 -5.8660557e-06 -3.1720031e-06
   2945.3103 -5.3250533e-06 -4.4047215e-06
   2992.5347 -6.3230018e-06 -4.8626603e-06
   3040.5164 -6.4209266e-06 -3.8128958e-06
   3089.2671 -8.4596522e-06 -3.4635582e-06
   3138.7996 -8.5139509e-06 1.2948585e-06
   3189.1265 -4.8810007e-06 -9.395211e-07
     3240.26 -6.2537342e-06 -1.387913e-06
   3292.2136 -7.2019402e-06 -1.2955965e-06
        3345 -7.6839215e-06 -1.4553809e-06
   3398.6328 -8.7482904e-06 -1.1836299e-06
   3453.1257 -1.0870757e-05 -5.063859e-07
   3508.4922 -1.3970232e-05 6.2946879e-07
   3564.7466 -2.1330563e-05 6.3800944e-06
   3621.9028 -8.7706594e-06 1.502955e-05
   3679.9753 4.8402741e-05 4.786886e-05
   3738.9792 1.9160272e-05 9.8052976e-07
    3798.929  9.89603e-06 -9.3535931e-07
   3859.8401 8.1334874e-06 -1.3559571e-06
   3921.7278 4.2625684e-06 -2.1050387e-06
   3984.6079 2.6546122e-06 -1.9977408e-06
   4048.4961 9.996005e-07 -1.5950169e-06
   4113.4087 9.6725444e-07 -5.6830959e-07
   4179.3618 -6.4573425e-07 -1.3537523e-06
   4246.3726 -1.3100852e-07 -1.529925e-07
    4314.458 8.2871281e-08 2.9954467e-07
   4383.6348 -8.097997e-07 -2.8058292e-07
   4453.9209 -2.1999128e-06 1.5088623e-06
    4525.334 8.0608892e-08 2.1646506e-06
   4597.8921 5.604706e-07 1.9887227e-06
   4671.6133 1.0266903e-06 1.6483847e-06
   4746.5171 2.5919833e-06 1.0818173e-06
   4822.6216 1.5165087e-06 1.4973414e-06
   4899.9463 8.8192178e-07 3.3181581e-07
   4978.5107 1.304887e-06 8.7248071e-07
    5058.335 1.1543295e-06 6.8850767e-07
    5139.439 1.7113748e-06 8.4785904e-07
   5221.8433 1.9576339e-06 3.0445594e-07
   5305.5688 8.9459024e-07 -4.3994223e-07
   5390.6372 1.1721703e-06 4.2924725e-08
   5477.0693 1.3251971e-06 -2.7195628e-07
   5564.8872 1.4102576e-06 -3.1320158e-07
   5654.1133 1.5435045e-06 -5.8815152e-07
   5744.7695 1.2551633e-06 -1.107744e-06
   5836.8799 1.0365076e-06 -1.1446824e-06
   5930.4668 7.3361718e-07 -1.3330109e-06
   6025.5547 6.2580636e-07 -1.2796924e-06
    6122.167 2.9611195e-07 -1.3678405e-06
   6220.3281 5.539356e-08 -1.5445754e-06
    6320.063 -2.2423994e-07 -1.2928235e-06
   6421.3975 -4.6706009e-07 -1.0842693e-06
   6524.3564 -5.8628513e-07 -9.3024005e-07
   6628.9663 -1.4279581e-07 -2.0528742e-06
   6735.2534 -9.6042731e-07 -7.1936893e-07
   6843.2451 -1.9879196e-06 -6.64254e-07
   6952.9678 -1.3335384e-06 -4.1178461e-07
   7064.4497 -1.201317e-06 3.6830775e-07
   7177.7192 -8.5220978e-07 3.0447924e-07
   7292.8052 -8.4530041e-07 3.5225523e-07
   7409.7363 -8.3145522e-07 4.9854731e-07
    7528.542 -6.0592708e-07 6.3828509e-07
   7649.2524 -4.2891841e-07 7.2507868e-07
   7771.8989 -1.9180048e-07 7.0697934e-07
   7896.5117 -6.5734511e-08 6.9213542e-07
   8023.1221 8.384972e-08 6.5220098e-07
   8151.7627 2.1052028e-07 5.705096e-07
   8282.4658 3.0631998e-07 4.7530219e-07
   8415.2646 3.8324487e-07 3.5208816e-07
   8550.1934 4.0393891e-07 2.2763611e-07
   8687.2852 4.197218e-07 1.274107e-07
   8826.5742 4.0267022e-07 2.9401487e-08
   8968.0977 3.6729736e-07 -6.0204137e-08
   9111.8896 3.2565376e-07 -1.4100404e-07
   9257.9873 2.5701073e-07 -1.8983529e-07
   9406.4277 1.8454938e-07 -2.2804389e-07
    9557.248 1.1508155e-07 -2.4800477e-07
   9710.4863 4.4379284e-08 -2.5265686e-07
   9866.1816 -1.9768303e-08 -2.3776288e-07
   10024.374 -7.9142438e-08 -2.1173572e-07
   10185.103 -1.1468653e-07 -1.7185639e-07
   10348.407 -1.6765914e-07 -1.2596864e-07
   10514.331 -1.9694737e-07 -7.373896e-08
   10682.915 -2.0068104e-07 -4.5297908e-09
   10854.202 -1.9513647e-07 7.043073e-08
   11028.236 -1.5320148e-07 1.4076367e-07
    11205.06 -7.2113394e-08 1.9883865e-07
   11384.719 1.9685968e-08 2.3015191e-07
   11567.259 2.020159e-07 1.0887766e-07
   11752.726 1.675712e-07 -5.6627414e-08
   11941.165 7.4706207e-08 -1.4812979e-07
   12132.627 -5.4174652e-08 -9.7817669e-08
   12327.158 -5.837186e-08 2.2495017e-09
   12524.809 -7.6719369e-09 1.1576893e-08
   12725.629 -2.5285651e-09 2.1434265e-09
   12929.668 -2.6884079e-09 3.5455996e-10
   13136.979 -1.3140633e-09 9.1662911e-10
   13347.614 -8.5363988e-10 9.5559338e-10
   13561.626 -1.7431867e-10 8.6064872e-10
    13779.07 -1.0889074e-10 6.3115535e-10
       14000 1.8403946e-10 1.4989121e-10