          20  0.044496726 -0.0081040449
   20.597488  0.044469085  -0.00856019
   21.212826  0.044221338 -0.0088285832
   21.846546   0.04414726 -0.0093314834
   22.499199  0.044134583 -0.0098326067
   23.171349  0.044027474 -0.010311022
   23.863579  0.043913759 -0.010818571
   24.576488  0.043933716 -0.011249673
   25.310696  0.043607067 -0.011628011
   26.066837  0.043596268 -0.012182007
    26.84557  0.043328136 -0.012688978
   27.647564  0.043062262 -0.013058126
   28.473518   0.04316368 -0.013590036
   29.324148  0.043064859 -0.014227234
    30.20019  0.042788565 -0.014552934
   31.102402  0.042498447 -0.015231086
   32.031567  0.042378526 -0.015826421
   32.988491   0.04211323 -0.016277231
   33.974003  0.041882329 -0.016958162
   34.988953  0.041596185 -0.017505413
   36.034229  0.041326504 -0.018012438
   37.110729  0.041052148 -0.018566018
   38.219391  0.040857784 -0.019318754
   39.361172  0.040632617 -0.019933898
   40.537064  0.040188938  -0.02048509
   41.748081  0.039864246 -0.021257218
   42.995281  0.039514773 -0.021739172
   44.279739  0.039244339 -0.022613639
    45.60257  0.038655397 -0.023230173
    46.96492   0.03828498 -0.023943203
    48.36797   0.03785586  -0.02467991
   49.812931  0.037311655 -0.025418531
   51.301064  0.036820047 -0.026087917
   52.833652  0.036544185 -0.026883885
   54.412025  0.035645116 -0.027411237
   56.037552  0.035106853 -0.028134217
   57.711639  0.034439057 -0.028754093
   59.435741  0.033813272 -0.029693263
   61.211346  0.033476599 -0.030498588
   63.039997  0.032391656 -0.031132817
   64.923279  0.031914826 -0.031929012
   66.862823  0.030912805  -0.03277006
   68.860313  0.030289222 -0.033446524
   70.917473  0.029231435 -0.034351282
   73.036087  0.028206719 -0.035051536
   75.217995  0.027310515 -0.035909757
   77.465088  0.026295062 -0.036540497
   79.779312  0.025304703 -0.037068602
   82.162674  0.024025029 -0.037762024
   84.617233  0.022780247 -0.038692288
   87.145119  0.021585634 -0.039173704
   89.748528  0.020517699 -0.039915077
    92.42971  0.018984869  -0.04068727
   95.190994  0.017441887 -0.041332882
   98.034767  0.016019607 -0.041931346
   100.96349  0.014680974  -0.04253076
   103.97972  0.012868938 -0.043001376
   107.08605  0.011218054 -0.043441467
   110.28518  0.009704506  -0.04345727
   113.57989 0.0078973705 -0.044271845
   116.97301  0.006011609 -0.044142548
   120.46751 0.0041401223 -0.044239949
   124.06641 0.0021943075 -0.044567693
   127.77282 0.00015632556  -0.04457368
   131.58995 -0.0021055464 -0.044343561
   135.52112 -0.0042683198 -0.044457924
   139.56973 -0.0064008269 -0.044048749
    143.7393 -0.0086232508 -0.043611806
   148.03342 -0.010896817 -0.043211125
   152.45583 -0.013257892   -0.0424424
   157.01036  -0.01555278 -0.041654453
   161.70094 -0.018034492  -0.04075313
   166.53166 -0.020213036 -0.039370116
    171.5067 -0.022752536 -0.038269274
   176.63036 -0.025127679 -0.036720805
   181.90709 -0.027341509 -0.034871239
   187.34145 -0.029659064 -0.033083614
   192.93816 -0.031836256 -0.030965706
   198.70207 -0.033949945 -0.028579731
   204.63818   -0.0358852 -0.026061781
   210.75162  -0.03781097  -0.02333832
    217.0477 -0.039394792 -0.020266471
   223.53186 -0.040818952 -0.017057454
   230.20975 -0.042174991 -0.013698977
   237.08713 -0.043163765 -0.010075904
   244.16995  -0.04395723 -0.0062844632
   251.46439 -0.044353921 -0.0023374145
   258.97675 -0.044194214 0.0017543935
    266.7135 -0.043968804 0.0059604426
   274.68143 -0.043207742  0.010237523
   282.88736 -0.041949693  0.014514882
   291.33844 -0.040112957    0.0187418
   300.04199 -0.038017489  0.023002818
   309.00558 -0.035130732  0.026940245
   318.23694 -0.031813841  0.030732254
   327.74408 -0.028023299  0.034230988
   337.53522 -0.023763487  0.037401576
    347.6189 -0.018843943  0.039842829
   358.00378 -0.013716629  0.042229615
   368.69894 -0.0080323154  0.043504141
   379.71359 -0.0020769718  0.044201951
   391.05731 0.0040892349  0.044121508
    402.7399  0.010391007  0.043159604
   414.77151  0.016573595  0.041025251
   427.16257  0.022588955   0.03797482
    439.9238   0.02830066  0.034037307
   453.06625  0.033365134  0.029014179
   466.60135  0.037837509   0.02315589
   480.54077  0.041019674  0.016277103
   494.89664  0.043373816 0.0088477693
   509.68137  0.044216655 0.00085695245
   524.90778   0.04345173 -0.0073646307
   540.58911  0.041398674  -0.01561817
   556.73889  0.037375133 -0.023403991
   573.37109   0.03188473  -0.03054213
   590.50024  0.024752446 -0.036480621
   608.14105  0.016323538 -0.040973675
    626.3089 0.0068324679 -0.043479413
   645.01953 -0.0032759395 -0.043993108
   664.28906 -0.013474879 -0.041882336
   684.13434  -0.02307906 -0.037194744
   704.57245  -0.03181674 -0.030495739
   725.62109 -0.038530447 -0.021315867
   747.29858  -0.04255753  -0.01036865
   769.62366 -0.043857921 0.0015623403
   792.61572  -0.04171047  0.013744591
   816.29462 -0.035995916  0.025120877
   840.68097 -0.026910139  0.034547873
   865.79578 -0.015188746  0.041234862
   891.66095 -0.0015365664  0.043632179
   918.29877  0.012615005  0.041929115
   945.73236  0.025753198  0.035370853
   973.98553  0.036062431   0.02436796
   1003.0828  0.042470437  0.010248784
   1033.0493  0.043063335 -0.0056906892
    1063.911  0.037963338 -0.021264356
   1095.6947  0.027041169 -0.034141906
    1128.428  0.011453453  -0.04176588
    1162.139 -0.0063178348 -0.042873878
   1196.8572 -0.023488648 -0.036417395
   1232.6127 -0.036675178 -0.022934556
   1269.4362 -0.042897258 -0.0045854892
   1307.3599  -0.04036976  0.015165856
   1346.4164 -0.028909691  0.032194849
   1386.6398 -0.010127097  0.041815374
   1428.0648   0.01150667   0.04138476
   1470.7274  0.030637942  0.030032346
   1514.6644  0.041606586 0.0099962614
   1559.9142  0.040724404 -0.013496166
   1606.5156  0.026763011 -0.033204764
   1654.5094 0.0037768341 -0.042423684
   1703.9368 -0.021095974 -0.036992256
   1754.8409 -0.038446907 -0.017504266
   1807.2657 -0.041167509  0.009064598
   1861.2567 -0.026834557  0.032454919
   1916.8606 -0.00033539764  0.041957766
   1974.1256  0.026794527  0.032107659
   2033.1014  0.041165937 0.0062609399
   2093.8391  0.034303121 -0.023214832
   2156.3914 0.0085398797 -0.040580809
   2220.8123 -0.022815045  -0.03453175
   2287.1577 -0.040436119 -0.0070264596
   2355.4851 -0.032193746  0.025356902
   2425.8538 -0.0016068256  0.040821411
   2498.3247   0.03055276  0.026795829
   2572.9607  0.039496697 -0.0078805368
   2649.8264  0.016751647 -0.036561441
   2728.9883 -0.020707566  -0.03432212
   2810.5151  -0.04001892 -0.0010515036
   2894.4775 -0.021197751  0.033410378
   2980.9485  0.018784581  0.034596246
   3070.0024  0.039350264 -0.00082966773
   3161.7168  0.015969627 -0.035505794
   3256.1714 -0.026145337 -0.028684596
   3353.4475 -0.035989761  0.013733763
   3453.6296 0.0010133556   0.03840312
   3556.8047  0.036590025  0.010327386
   3663.0623  0.019371437 -0.032458529
   3772.4939 -0.027283428 -0.025994977
   3885.1948 -0.030138453  0.021840239
   4001.2627  0.017298253  0.032678366
   4120.7979   0.03402948 -0.013987911
   4243.9043 -0.012094554 -0.034393221
   4370.6885 -0.034038484  0.011758943
   4501.2603  0.013075558  0.033221852
   4635.7324  0.031517547 -0.015883736
   4774.2222 -0.019953407 -0.028570911
   4916.8491 -0.023742506  0.024699343
   5063.7373  0.029422151  0.016682643
   5215.0132 0.0069069378 -0.032453932
   5370.8086 -0.032150533 0.0049932227
   5531.2583  0.017373119   0.02666847
   5696.5015   0.01506802 -0.027024131
   5866.6812 -0.030073643 0.0011731911
   6041.9443  0.017588971  0.023069583
   6222.4438 0.0066344934 -0.027043426
   6408.3359 -0.023234868  0.012887343
   6599.7808  0.024439106 0.0061843675
   6796.9453 -0.014166435 -0.019028306
        7000 0.00065874879  0.022076905