   47.877262  2.90464e-05 2.9838904e-05
   50.128178 1.2680394e-05 3.0014724e-05
   52.484917 1.2458307e-05 3.4762896e-05
   54.952457 4.5292843e-05 -9.3759218e-06
   57.536007 2.3611119e-05 -8.0254358e-06
   60.241016 -5.5199529e-05 -0.0001126451
   63.073204 1.7735438e-05 1.2228139e-05
   66.038544 1.232652e-05 -3.0833658e-06
   69.143295 2.4678554e-06 8.2637558e-07
    72.39402 1.9481144e-05 -4.5270699e-06
   75.797569 2.1480535e-05 -1.1207725e-05
   79.361137 1.2770201e-05 -2.1113323e-05
   83.092239 5.7534498e-06 -1.2376201e-05
   86.998764 -2.8057073e-06 -1.2020801e-05
   91.088943 1.1445449e-06 -8.5888414e-06
   95.371422 5.5339598e-07 -2.0137508e-05
    99.85524 -5.2514902e-06 -1.3798169e-05
   104.54986 -1.3179079e-05 -1.8292099e-05
   109.46519 -1.9398352e-05 -7.1997583e-06
   114.61162 -2.1042679e-05 1.6345727e-07
         120 -1.0209947e-05 2.9784585e-06