   21.274668 0.0089090383 0.0040469388
   22.630575 0.0012717632 -0.0022192276
   24.072899 0.00088045577 -0.0021814026
   25.607147 -0.0016077176 -0.0003766389
   27.239178 0.0019049851 0.0022981714
   28.975224 6.333585e-05 -0.0010513248
   30.821915 -0.0004308488 -0.00022418382
   32.786301 0.00026684158 -0.00081088091
   34.875881 -0.002087069 -0.0029564784
    37.09864 -0.00021592647 0.00011804453
   39.463066 0.0001348713 -1.0920468e-06
    41.97818 -2.2361217e-05 3.6552708e-05
   44.653595 -6.0806546e-05 -5.946411e-05
   47.499519 -1.9098698e-05 1.6493295e-05
   50.526825  4.99218e-05 3.7414723e-06
   53.747074 4.4444791e-05 1.0693855e-05
   57.172558 3.5685502e-05 -1.0183976e-05
    60.81636 1.2891881e-05 -1.0644021e-05
   64.692398 1.8460949e-05 -1.3344034e-05
    68.81546 1.2322874e-05 9.3049321e-06
   73.201309 2.9816458e-05 -6.9708053e-06
   77.866676 2.7566219e-05 -2.7242275e-05
   82.829384 8.2601682e-06 -1.4314788e-05
   88.108383 7.7912928e-06 -1.7857594e-05
   93.723831 -1.1207819e-06 -2.4424729e-05
   99.697174 -3.8170756e-06 -2.6947599e-05
   106.05122 -1.9460467e-05 -2.3944476e-05
   112.81022 -2.240207e-05 -1.2567933e-05
         120 -2.7838971e-05 6.662181e-06