          30 -2.04937e-07 6.0825664e-07
   30.528061 5.2916405e-08 5.0082878e-07
   31.065414 1.1791192e-07 3.8803677e-07
   31.612228 1.6427717e-07 3.4046434e-07
   32.168667 1.4690866e-07 2.852392e-07
   32.734901 1.4294706e-07 1.5949936e-07
     33.3111 1.4614697e-07 1.357167e-07
   33.897442 8.9087592e-08 1.0683482e-07
   34.494106 5.6243053e-08 7.6562486e-08
   35.101269 1.167684e-08 1.3157886e-07
   35.719124 -8.8623125e-08 1.899902e-07
   36.347851 -3.1778402e-08 1.7528696e-07
   36.987644 -1.2770487e-08 2.2291479e-07
   37.638702 1.9842073e-08 2.6556177e-07
    38.30122 7.4312837e-08 2.8499113e-07
   38.975395 1.2936796e-07 2.9329922e-07
   39.661442 1.9400561e-07 2.8392745e-07
   40.359562 2.5557497e-07 2.6189159e-07
   41.069973 3.1025607e-07 2.264097e-07
   41.792885 3.522421e-07 1.6944584e-07
   42.528522 3.8481159e-07 1.0893161e-07
   43.277111 3.9991636e-07 3.8464151e-08
   44.038876 4.0060624e-07 -3.5513619e-08
   44.814049 3.834582e-07 -1.099427e-07
   45.602863 3.5077713e-07 -1.7945816e-07
   46.405567 2.9252465e-07 -2.3268392e-07
   47.222397 2.0773072e-07 -2.7646442e-07
   48.053604 1.4616164e-07 -2.8892813e-07
   48.899445 8.1036006e-08 -2.6564967e-07
   49.760174 5.6132777e-08 -2.3110087e-07
   50.636051 5.5258596e-08 -2.2431706e-07
   51.527348 4.1782943e-08 -2.4800786e-07
   52.434334 -1.4437341e-08 -2.7472672e-07
   53.357281 -9.2509396e-08 -2.6616163e-07
   54.296478 -1.618162e-07 -2.085017e-07
   55.252205 -1.8450727e-07 -1.3221704e-07
   56.224754 -1.6861932e-07 -7.0324283e-08
    57.21442 -1.4951097e-07 -3.7142637e-08
   58.221508 -1.374693e-07 -9.0213419e-09
   59.246326 -1.1891211e-07 1.709455e-08
   60.289177 -9.8353844e-08 3.5345508e-08
   61.350388 -6.6792687e-08 4.8709204e-08
   62.430279 -4.0297248e-08 4.8040008e-08
   63.529175 -2.1962027e-08 4.003595e-08
   64.647415 -1.2657517e-08 2.9276322e-08
   65.785339 -8.7711696e-09 2.1704267e-08
   66.943298 -5.5848801e-09 1.554864e-08
   68.121628 -2.1826281e-09 1.4834637e-08
   69.320709 2.9116309e-09 5.1384244e-09
   70.540894 8.249666e-10 -5.0277622e-09
   71.782555 -9.0315462e-09 -1.3954703e-08
   73.046066 -2.3319048e-08 -1.4513489e-08
   74.331825 -3.5252338e-08 -5.3317266e-09
   75.640213 -3.9837989e-08 6.5381345e-09
   76.971634 -3.9452175e-08 2.0291473e-08
   78.326492 -3.3156898e-08 3.3769943e-08
   79.705193 -2.1820076e-08 4.1481655e-08
   81.108162 -1.0045897e-08 4.326624e-08
   82.535828 5.5966248e-10 4.2876536e-08
   83.988625 8.8598346e-09 3.7072866e-08
   85.466995 1.3437027e-08 3.3170604e-08
   86.971382 1.5717776e-08 2.7563891e-08
   88.502251 1.2591444e-08 2.2865416e-08
   90.060074 1.2270352e-08 2.2447333e-08
   91.645309 1.1312061e-08 2.2492216e-08
   93.258446 1.1911103e-08 2.4618467e-08
   94.899986 1.3499437e-08 2.6182995e-08
   96.570412 1.5928386e-08 2.6264743e-08
   98.270248 1.9225366e-08 2.7151176e-08
         100 2.2625301e-08 2.6516366e-08