          20 -4.9893714e-07 1.0409339e-06
   20.526152 -7.6886477e-07 5.0858841e-07
   21.066147 2.5065756e-07 3.4519104e-08
   21.620346 7.2470505e-07 -1.0735889e-07
   22.189127 2.7848435e-07 7.9317964e-08
   22.772869 -2.5986747e-08 2.7924395e-08
   23.371969 5.996514e-07 -4.2698721e-07
   23.986832 3.280995e-07 -1.8160303e-07
   24.617868 -1.3476196e-07 -5.175915e-07
   25.265505 -1.2683303e-07 -2.2102648e-07
    25.93018 -4.8907339e-07 -3.6160876e-07
   26.612341 -5.4598996e-07 -1.5525957e-07
   27.312449 -6.2522258e-07 -3.527321e-08
   28.030975 -5.6068654e-07 1.4466376e-07
   28.768404 -4.8676566e-07 4.2916182e-07
   29.525232 -2.4703911e-07 5.5564692e-07
    30.30197 -6.8846816e-08 4.6092566e-07
   31.099142 4.6134538e-08 4.5479376e-07
   31.917288 9.8747812e-08 2.7925017e-07
   32.756954 1.1063089e-07 2.3931941e-07
   33.618713 1.3656947e-07 1.5120908e-07
   34.503139 6.8161661e-08 8.6070827e-08
   35.410835 -2.4624175e-08 1.148687e-07
   36.342411 -4.3046835e-08 1.9357306e-07
   37.298492 -1.2554138e-08 2.6807396e-07
   38.279728 7.016056e-08 3.0886571e-07
   39.286777 1.6901488e-07 3.309334e-07
    40.32032 2.7009361e-07 2.9521451e-07
    41.38105 3.5398438e-07 2.2460583e-07
   42.469688 4.1224919e-07 1.3053696e-07
   43.586964 4.4055452e-07 1.6962895e-08
   44.733635 4.2429946e-07 -1.0375933e-07
   45.910469 3.6390333e-07 -2.1382716e-07
   47.118263 2.6339617e-07 -2.9417959e-07
   48.357834 1.3978024e-07 -3.0274816e-07
   49.630013 7.3234155e-08 -2.5666239e-07
   50.935661 6.6028754e-08 -2.5018923e-07
   52.275658 5.6833476e-09 -2.9835087e-07
   53.650906 -1.2083403e-07 -2.7465913e-07
   55.062332 -1.9390249e-07 -1.6122553e-07
   56.510895 -1.7202875e-07 -6.5762798e-08
   57.997559 -1.4659145e-07 -1.8806821e-08
   59.523338 -1.392353e-07 1.7958387e-08
   61.089256 -7.6707408e-08 4.8859672e-08
   62.696369 -3.5908396e-08 4.6478522e-08
   64.345764 -1.343362e-08 3.1852167e-08
   66.038544 -6.8617991e-09 1.9416259e-08
   67.775864 -6.7024053e-10 1.3137064e-08
   69.558884 5.6953011e-09 2.4566793e-09
   71.388809 -1.5842525e-09 -1.4170205e-08
   73.266884 -2.3741054e-08 -1.7264965e-08
   75.194359 -3.7435441e-08 1.1757137e-09
   77.172546 -3.5725154e-08 2.1892953e-08
   79.202774 -2.2124599e-08 3.9655443e-08
   81.286407 -3.9570729e-09 4.5105306e-08
   83.424858 1.229165e-08 3.9670283e-08
   85.619568 2.0176213e-08 2.7466895e-08
   87.872017 1.742556e-08 1.736978e-08
   90.183723 1.7373415e-08 1.7057804e-08
   92.556236 1.5741914e-08 1.6190276e-08
   94.991173 1.8049535e-08 2.0292575e-08
   97.490166 2.1662251e-08 2.169414e-08
    100.0549 2.7184658e-08 2.1138257e-08
   102.68711 3.2055254e-08 2.1781469e-08
   105.38856 3.6683602e-08 1.593698e-08
   108.16109 3.9454584e-08 1.3087798e-08
   111.00655 4.2169649e-08 7.645875e-09
   113.92686 4.3990646e-08 2.2468327e-09
     116.924 4.4557506e-08 -2.186731e-09
         120 4.5283961e-08 -8.4588052e-09