   13.918782 -4.2033357e-06 -8.3388335e-07
   15.118251 3.6361118e-07 -3.9458638e-07
   16.421085 -9.7068187e-07 5.4662257e-07
   17.836193 1.5596829e-07 -1.8129712e-07
   19.373249 -9.1321601e-07 -9.8232135e-07
   21.042763 -4.365001e-07 -2.8380575e-07
    22.85615 5.532749e-07 4.194106e-09
   24.825808 1.9958328e-07 -5.63046e-07
   26.965202 -5.5714736e-07 -5.6953667e-07
   29.288963 -8.1620033e-07 5.9348235e-07
   31.812977 1.8279295e-07 7.2580571e-07
   34.554501 1.3624089e-07 1.1550474e-07
    37.53228 7.761281e-08 4.0186302e-07
    40.76667 4.6569167e-07 2.8433263e-07
   44.279789 5.4690037e-07 -1.5131705e-07
   48.095657 1.463913e-07 -4.2701646e-07
    52.24036 -5.3428636e-08 -3.5572751e-07
   56.742241 -2.1820058e-07 -1.2867539e-08
   61.632072 -3.9995797e-08 1.1255669e-07
   66.943298 5.5679777e-08 3.1176437e-08
   72.712219 3.2905472e-08 -4.8289191e-08
   78.978287 9.0609014e-09 2.4997209e-09
    85.78434 4.0488263e-08 -2.0897755e-08
    93.17691 1.9491145e-08 -2.9779919e-08
   101.20655 2.345106e-08 -2.2485391e-08
   109.92815 3.0970241e-08 -2.9867802e-08
   119.40135 2.9709595e-08 -4.4108639e-08
   129.69092 2.0112919e-08 -5.4201468e-08
   140.86719 9.2331565e-09 -5.7004403e-08
   153.00661 -8.5724922e-10 -5.6639433e-08
   166.19214 -8.9791774e-09 -5.7298415e-08
   180.51396 -1.6472738e-08 -5.5632796e-08
   196.06998 -2.2000757e-08 -5.7693672e-08
   212.96655 -2.6157553e-08 -5.5325508e-08
   231.31921 -3.303208e-08 -5.5744692e-08
   251.25343 -4.3006814e-08 -5.4712729e-08
   272.90552 -5.4482793e-08 -5.2350419e-08
   296.42349 -6.17298e-08 -4.5443311e-08
   321.96817 -6.9738157e-08 -3.6905348e-08
   349.71417 -7.1135062e-08 -1.632497e-08
   379.85126 -8.3233537e-08 -1.1594946e-08
   412.58542 -8.5660922e-08 -1.2410515e-09
   448.14047 -9.2764374e-08 1.3260766e-08
   486.75955 -8.7894307e-08 3.0329272e-08
   528.70667 -7.7793779e-08 4.3012395e-08
   574.26862 -6.3960556e-08 5.1313954e-08
   623.75696 -5.424338e-08 6.1363103e-08
   677.51001 -4.1287635e-08 6.2481348e-08
   735.89526 -3.0831711e-08 6.5759558e-08
   799.31201 -2.0060787e-08 5.946983e-08
   868.19373 -1.1405628e-08 5.8038189e-08
   943.01141 -4.8000306e-09 5.4298187e-08
   1024.2766 1.4118262e-09 5.1333899e-08
   1112.5449 7.2777508e-09 4.9260084e-08
   1208.4199 1.2637963e-08 4.6861683e-08
    1312.557 1.6190137e-08 4.1514799e-08
   1425.6682 2.090778e-08 3.8822137e-08
    1548.527 2.6272065e-08 3.6021614e-08
   1681.9733 3.0770561e-08 3.1864545e-08
   1826.9194 3.598613e-08 2.7066443e-08
   1984.3566 4.4474941e-08 2.1374824e-08
   2155.3611 5.3006882e-08 1.1620148e-08
   2341.1021 5.927728e-08 -4.994364e-09
   2542.8494 5.7549137e-08 -2.957732e-08
   2761.9827 3.8908883e-08 -5.4281813e-08
        3000 9.5488843e-09 -6.2221609e-08