          10 -4.6558725e-06 -2.9159614e-06
   10.861763 -5.4122816e-06 2.6459338e-06
   11.797789 -1.2618394e-06 1.5913366e-06
   12.814478 2.6483983e-06 1.203286e-06
   13.918782 -5.4782331e-06 -5.9255842e-07
   15.118251 8.4021231e-06 1.2914617e-06
   16.421085 9.8065595e-07 -9.7152713e-07
   17.836193 3.605156e-07 4.444708e-07
   19.373249 2.8753462e-08 -4.6865836e-09
   21.042763 -9.6978582e-08 8.028131e-08
    22.85615 4.2787457e-07 8.0930356e-08
   24.825808 1.9275919e-07 -8.2296287e-07
   26.965202 -5.0253027e-07 -6.9217981e-07
   29.288963 -8.6231699e-07 3.9378989e-07
   31.812977 1.1991692e-07 6.7032818e-07
   34.554501 7.4645953e-08 9.9852869e-08
    37.53228 2.3237138e-08 3.6392456e-07
    40.76667 3.7950849e-07 2.8199381e-07
   44.279789 4.8059792e-07 -9.1697295e-08
   48.095657 1.5074737e-07 -3.4512334e-07
    52.24036 -1.346122e-08 -2.9671239e-07
   56.742241 -1.793874e-07 -1.2076414e-08
   61.632072 -2.1954204e-08 9.6292055e-08
   66.943298 6.2503993e-08 2.483095e-08
   72.712219 4.5284544e-08 -5.0291259e-08
   78.978287 1.791779e-08 -9.7996624e-09
    85.78434 4.5511193e-08 -2.7179784e-08
    93.17691 2.2125933e-08 -3.8002447e-08
   101.20655 2.3399171e-08 -3.0799789e-08
   109.92815 2.8750936e-08 -3.4924838e-08
   119.40135 2.6117638e-08 -4.7572332e-08
   129.69092 1.6662298e-08 -5.7163426e-08
   140.86719 6.5544232e-09 -5.8406144e-08
   153.00661 -2.879839e-09 -5.8677568e-08
   166.19214 -1.2730063e-08 -5.8550011e-08
   180.51396 -1.8017774e-08 -5.6256226e-08
   196.06998 -2.3022325e-08 -5.2081308e-08
   212.96655 -2.8276801e-08 -5.3213704e-08
   231.31921 -3.5624279e-08 -5.3340013e-08
   251.25343 -4.2211642e-08 -5.120339e-08
   272.90552 -5.0636096e-08 -4.7995151e-08
   296.42349 -6.0379094e-08 -4.271682e-08
   321.96817 -6.9836332e-08 -3.3903678e-08
   349.71417 -7.0204806e-08 -1.1892061e-08
   379.85126 -7.9368299e-08 -8.9023269e-09
   412.58542 -8.3321687e-08 2.1109401e-09
   448.14047 -9.300809e-08 1.6959252e-08
   486.75955 -8.4476497e-08 3.2098832e-08
   528.70667 -7.4283442e-08 4.4123528e-08
   574.26862 -6.1842613e-08 5.1954895e-08
   623.75696 -4.8627889e-08 5.5710419e-08
   677.51001 -3.7937866e-08 5.9854422e-08
   735.89526 -2.7922342e-08 6.1116118e-08
   799.31201 -1.8116848e-08 5.849687e-08
   868.19373 -8.591809e-09 5.1354561e-08
   943.01141 -2.7842555e-09 3.3692437e-08
   1024.2766 2.0872049e-09 4.1103768e-08
   1112.5449 4.4472612e-09 2.9264205e-08
   1208.4199 6.2064403e-09 2.3819872e-08
    1312.557 1.0038368e-08 2.5279574e-08
   1425.6682 1.3241017e-08 2.3925676e-08
    1548.527 1.3586054e-08 1.8926176e-08
   1681.9733 1.2501086e-08 1.3675307e-08
   1826.9194 1.5599362e-08 1.2147598e-08
   1984.3566 1.245037e-08 7.0878872e-09
   2155.3611 2.0157838e-08 5.1373794e-09
   2341.1021 1.8407304e-08 -4.3829868e-10
   2542.8494 1.5403854e-08 -6.2037215e-09
   2761.9827 1.0686327e-08 -1.2185325e-08
        3000 3.8623313e-09 -1.6361311e-08